00005220_001.png 0 0 0 0 0 0 0 0 0 0 0 0 0 0
00001205_008.png 0 0 0 0 0 0 0 0 0 0 0 1 0 0
00012449_000.png 0 0 0 0 0 0 0 0 0 0 0 1 0 0
00011109_000.png 0 0 0 0 0 0 0 0 0 0 0 0 0 0
00010294_006.png 0 0 0 0 0 0 0 0 1 0 0 0 0 0
00006348_000.png 0 0 0 0 0 0 0 0 0 0 0 0 0 0
00004833_000.png 0 0 0 0 0 0 0 0 0 0 0 0 0 0
00026713_002.png 0 0 0 1 0 1 0 0 0 0 0 0 0 0
00003989_008.png 0 0 0 0 0 0 0 0 0 0 0 0 0 0
00030471_005.png 0 0 0 1 0 0 0 0 0 0 0 0 0 0
00019176_034.png 0 0 0 1 0 0 0 0 0 0 0 0 0 0
00001519_000.png 0 0 0 0 0 0 0 0 0 0 0 0 0 0
00001404_007.png 0 0 0 0 0 0 0 0 0 0 0 0 0 0
00004339_004.png 1 0 1 0 0 0 0 0 0 0 0 0 0 0
00010020_004.png 0 0 0 0 0 0 0 0 0 0 0 0 0 0
00010592_005.png 0 0 0 0 0 0 0 0 0 0 0 0 0 0
00023751_000.png 0 0 0 0 0 0 0 0 0 0 0 0 0 0
00001256_008.png 1 0 0 1 0 0 0 0 0 0 1 0 0 0
00027648_003.png 0 0 0 0 0 0 0 0 0 0 0 0 0 0
00009011_001.png 0 0 0 0 0 1 0 0 0 0 0 0 0 0
00026684_002.png 0 0 0 0 0 0 0 0 0 0 0 0 0 0
00019084_001.png 0 0 0 0 0 0 0 0 0 0 0 0 0 0
00010113_001.png 0 0 0 0 0 0 0 0 0 0 0 0 0 0
00020450_021.png 0 0 0 0 0 0 0 0 0 0 0 0 0 0
00030268_002.png 1 0 1 1 0 0 0 0 0 0 0 0 0 0
00012602_000.png 0 0 0 0 0 0 0 0 0 0 0 0 0 0
00000330_000.png 0 1 0 0 0 0 0 0 0 0 0 0 0 0
00007185_015.png 0 0 1 0 0 0 0 0 0 0 0 0 0 0
00019183_000.png 0 0 0 1 0 0 0 0 0 0 0 0 0 0
00015420_004.png 0 0 0 0 0 0 0 1 0 0 0 0 0 0
00012581_000.png 0 0 0 0 0 0 0 0 0 0 0 0 0 0
00007019_002.png 0 0 0 0 0 0 0 0 0 0 0 0 0 0
00009890_004.png 0 0 1 0 0 0 0 1 0 0 0 0 0 0
00015219_000.png 0 0 0 0 0 0 0 0 0 0 0 0 0 0
00004806_001.png 0 0 1 0 0 1 0 0 0 0 0 0 0 0
00004268_008.png 0 0 0 0 0 0 0 0 0 0 0 0 0 0
00017355_000.png 0 0 0 0 0 0 0 0 0 0 0 0 0 0
00004521_000.png 1 0 0 0 0 1 0 0 0 0 0 0 0 0
00016349_000.png 0 0 0 0 0 0 0 0 0 0 0 0 0 0
00015606_011.png 0 0 0 0 0 0 0 0 1 0 0 0 0 0
00011969_000.png 0 0 0 1 0 0 0 1 1 0 0 0 1 0
00002031_000.png 0 0 0 0 0 0 0 0 0 0 0 0 0 0
00020979_000.png 0 0 0 0 0 0 0 0 0 0 0 0 0 0
00026148_006.png 0 0 0 0 0 0 0 0 0 0 0 0 0 0
00005785_000.png 0 0 0 0 1 0 0 0 0 0 0 0 0 0
00017261_004.png 0 0 0 0 0 0 0 0 0 0 0 0 0 0
00003588_000.png 0 1 1 0 0 0 0 0 0 0 0 0 0 0
00027072_000.png 0 0 0 0 0 0 0 0 0 0 0 0 0 0
00013229_013.png 0 0 0 0 0 0 0 0 0 0 0 0 0 0
00016474_001.png 0 0 1 0 0 0 0 0 0 0 0 0 0 0
00029052_007.png 1 0 0 0 0 0 0 0 1 0 0 0 0 0
00008714_000.png 0 0 0 0 0 0 0 0 0 0 0 0 0 0
00003249_002.png 0 0 0 0 0 0 0 0 0 0 0 0 0 0
00002129_006.png 0 0 0 0 0 0 0 0 0 0 0 0 0 0
00010456_003.png 0 0 0 0 0 0 0 0 0 0 0 0 0 0
00013036_018.png 0 0 0 0 0 0 0 0 0 0 0 0 0 0
00003637_000.png 0 0 0 0 0 0 0 0 0 0 0 0 0 0
00010596_002.png 0 0 0 0 0 0 0 0 0 0 0 0 0 0
00004737_015.png 1 0 1 0 0 0 0 0 1 0 0 0 0 0
00017362_007.png 0 0 1 0 0 0 0 0 0 0 0 0 0 0
00012585_005.png 0 0 0 1 0 0 0 0 0 1 0 0 0 0
00020639_000.png 0 0 0 1 0 0 0 0 0 0 0 0 0 0
00016634_000.png 0 0 0 0 0 0 0 0 0 0 0 0 0 0
00007317_002.png 1 0 0 0 0 0 0 0 0 0 0 0 0 0
00016861_010.png 0 0 0 0 0 0 0 0 0 0 0 0 0 0
00016142_045.png 1 0 0 0 0 0 0 1 0 0 0 0 0 0
00009591_000.png 0 0 0 0 0 0 0 0 0 0 0 0 0 0
00012079_002.png 0 0 0 0 0 0 0 0 0 0 0 0 0 0
00003343_001.png 0 0 0 0 0 0 0 0 0 0 0 0 0 0
00007678_000.png 0 0 0 0 0 0 0 0 0 0 0 0 0 0
00026043_000.png 0 0 0 1 0 0 0 0 0 0 0 0 0 0
00011104_005.png 0 0 0 0 0 0 0 0 0 0 0 0 0 0
00007343_002.png 0 0 0 0 0 0 0 0 0 0 0 0 0 0
00021105_000.png 0 1 0 0 0 0 0 0 0 0 0 0 0 0
00017321_001.png 0 0 0 1 0 1 0 0 0 0 0 1 0 0
00012193_003.png 1 0 0 0 0 0 0 0 0 0 0 0 0 0
00027382_002.png 0 0 0 0 0 0 0 0 0 0 0 0 0 0
00010068_000.png 0 0 0 0 0 0 0 0 0 0 0 0 0 0
00014616_012.png 0 0 1 1 0 0 0 0 0 0 0 0 0 0
00002597_000.png 0 0 0 0 0 0 0 0 0 0 0 0 0 0
00010484_006.png 0 0 0 0 0 0 0 0 0 0 0 0 0 0
00001540_000.png 0 0 0 0 0 0 0 0 0 0 0 0 0 0
00014236_007.png 0 0 0 1 0 0 0 0 0 0 0 0 0 0
00018217_011.png 1 0 0 0 0 0 0 0 0 0 0 0 0 0
00012114_000.png 0 0 0 0 0 0 0 0 0 0 0 0 0 0
00003104_000.png 0 0 0 0 0 0 0 0 0 0 0 0 0 0
00009638_015.png 1 0 0 0 0 0 0 0 0 0 0 0 0 0
00028091_000.png 0 0 0 0 0 0 0 0 0 0 0 0 0 0
00014178_010.png 0 0 0 1 1 1 0 0 0 0 0 0 0 0
00009716_000.png 0 0 0 0 0 0 0 0 0 0 0 0 0 0
00023181_000.png 0 0 0 0 0 0 0 0 0 0 0 0 0 0
00018007_002.png 1 0 0 1 0 0 0 0 0 0 0 0 0 0
00020951_000.png 0 0 0 0 1 0 0 0 0 0 0 1 0 0
00006500_009.png 0 0 1 0 0 0 0 0 0 0 0 0 0 0
00011993_000.png 0 0 0 0 0 1 0 0 0 0 0 0 0 0
00006353_000.png 0 0 0 0 0 0 0 0 0 0 0 0 0 0
00011192_000.png 0 0 0 0 0 0 0 0 0 0 0 0 0 0
00027655_000.png 0 0 0 1 0 0 0 0 0 0 0 0 0 0
00026292_003.png 0 0 0 1 0 0 0 0 0 0 0 0 0 0
00011903_007.png 0 0 0 0 0 0 0 0 0 0 0 0 0 0
00029814_000.png 0 0 1 0 0 0 0 1 0 0 1 0 0 0
00019479_009.png 0 0 0 0 0 0 0 0 0 0 0 0 0 0
00029713_002.png 0 0 0 0 0 0 0 0 0 0 0 0 0 0
00018139_000.png 0 0 0 0 0 0 0 0 0 0 0 0 0 0
00016484_012.png 0 0 0 0 0 0 0 0 0 0 0 0 0 0
00010050_016.png 0 0 0 1 0 0 0 0 0 0 0 0 0 0
00006307_009.png 0 0 0 1 0 0 0 0 0 0 0 0 0 0
00024299_001.png 1 0 0 1 0 0 0 0 0 0 0 0 0 0
00022826_009.png 0 0 0 0 0 0 0 0 0 0 0 0 0 0
00004152_000.png 1 0 1 1 1 0 0 0 0 0 0 0 0 0
00002208_003.png 0 0 1 0 0 0 0 0 0 0 0 0 0 0
00005146_000.png 0 0 0 0 0 0 0 0 0 0 0 0 0 0
00006928_000.png 0 0 0 0 0 0 0 0 0 0 0 0 0 0
00007191_014.png 0 0 1 0 0 0 0 0 0 0 0 0 0 0
00019176_065.png 0 0 0 0 0 0 0 0 0 0 0 0 0 0
00002967_000.png 0 0 0 0 0 0 0 0 0 0 0 0 0 0
00017577_001.png 0 0 1 1 0 0 0 0 0 0 0 0 0 0
00017426_001.png 0 0 0 0 0 0 0 0 0 0 0 0 0 0
00021415_000.png 0 0 0 1 1 0 0 0 0 0 0 0 0 0
00025793_001.png 0 0 0 0 0 0 0 0 0 0 0 0 0 0
00011427_000.png 0 0 1 0 0 1 0 0 0 0 0 0 0 0
00027172_000.png 0 0 0 1 0 0 0 0 0 0 0 0 0 0
00000571_005.png 0 0 0 0 0 0 0 0 0 0 0 1 0 0
00005388_003.png 0 0 0 0 1 0 0 0 0 0 1 0 0 0
00026190_000.png 0 0 0 0 1 0 0 0 0 0 0 0 0 0
00012072_004.png 0 0 0 0 0 0 0 0 0 0 0 0 0 0
00015412_000.png 0 0 0 0 0 0 0 0 0 0 0 0 0 0
00005226_001.png 0 0 0 0 0 0 0 0 0 0 0 0 0 0
00013243_004.png 0 0 1 0 0 0 0 0 0 0 0 0 0 0
00019773_009.png 0 0 0 0 0 0 0 0 0 0 0 0 0 0
00007126_009.png 1 0 1 0 0 0 0 0 0 0 0 0 0 0
00020652_018.png 0 0 1 0 0 0 0 1 0 0 0 0 0 0
00000172_001.png 0 0 0 0 0 0 0 0 0 0 0 0 0 0
00011939_001.png 0 0 0 0 1 0 0 0 0 0 0 0 0 0
00023272_003.png 1 0 0 0 0 0 0 0 0 0 0 0 0 0
00008035_005.png 0 0 0 0 0 0 0 0 0 0 0 0 0 0
00024067_000.png 0 0 0 0 0 0 0 0 0 0 0 0 0 0
00004995_000.png 0 0 0 0 0 1 0 0 0 0 0 0 0 0
00013509_000.png 0 0 0 1 0 0 0 0 0 0 0 0 0 0
00024065_000.png 0 0 0 0 0 0 0 0 0 0 0 0 0 0
00009012_008.png 0 0 0 1 0 0 0 0 0 0 0 0 0 0
00006927_000.png 0 0 0 0 1 0 0 0 0 0 0 0 0 0
00017025_002.png 1 0 1 0 0 0 0 1 0 0 0 0 0 0
00007263_000.png 0 0 0 0 0 0 0 0 0 0 0 0 0 0
00026318_002.png 0 0 0 0 0 0 0 0 0 0 0 0 0 0
00025844_001.png 0 0 0 0 0 0 0 0 0 0 0 0 0 0
00000039_003.png 0 0 0 0 0 0 0 0 0 0 0 0 0 0
00014613_000.png 0 0 0 0 0 0 0 0 0 0 0 0 0 0
00022537_001.png 0 0 0 0 0 0 0 0 0 0 0 1 0 0
00000947_003.png 0 0 0 0 0 0 0 0 0 0 0 0 0 0
00005256_000.png 0 0 0 0 0 0 0 0 0 0 0 0 0 0
00016534_000.png 0 0 0 1 0 0 0 0 0 0 0 0 0 0
00013894_019.png 0 0 1 0 0 0 0 0 0 0 0 0 0 0
00010848_002.png 0 0 0 0 0 0 0 0 0 0 0 0 0 0
00002680_002.png 0 0 0 0 0 0 0 0 0 0 0 0 0 0
00010905_006.png 1 0 0 0 0 0 0 0 0 0 0 1 0 0
00028105_002.png 0 0 0 0 0 0 0 0 0 0 0 0 0 0
00003586_000.png 0 0 0 0 0 0 0 0 0 0 0 0 0 0
00003906_000.png 0 0 0 0 0 0 0 0 0 0 0 0 0 0
00022393_000.png 0 0 0 0 0 0 0 0 0 0 0 0 0 0
00003230_000.png 0 0 1 0 0 0 0 0 0 0 0 0 0 0
00025964_003.png 0 0 0 1 0 0 0 0 1 0 0 0 0 0
00005821_000.png 0 0 0 0 0 0 0 0 0 0 0 0 0 0
00005928_000.png 0 0 0 0 0 0 0 0 0 0 0 0 0 0
00021791_000.png 1 0 1 0 0 0 0 0 0 0 0 0 1 0
00026963_014.png 1 0 0 0 0 0 0 0 0 0 0 0 0 0
00007420_005.png 0 0 0 0 0 0 0 0 0 0 0 0 0 0
00012001_002.png 0 0 0 0 1 0 0 0 0 0 0 0 0 0
00025696_003.png 0 0 0 0 0 0 0 0 0 0 0 0 0 0
00019209_001.png 1 0 0 0 0 0 0 0 0 0 0 0 0 0
00009658_002.png 1 0 0 0 1 0 0 0 0 0 0 0 1 0
00026310_000.png 0 0 0 0 0 0 0 0 0 0 0 0 0 0
00009142_002.png 0 0 0 0 0 0 0 0 0 0 0 0 0 0
00014047_000.png 0 0 0 0 0 0 0 0 0 0 0 0 0 0
00018125_007.png 1 0 1 1 0 0 0 0 0 0 0 0 0 0
00017001_000.png 0 0 0 1 0 1 0 0 0 0 0 0 0 0
00019933_005.png 0 0 0 0 0 0 0 0 0 0 0 0 0 0
00025178_000.png 0 0 0 0 0 0 0 0 0 0 0 0 0 0
00020537_004.png 0 0 0 0 0 1 0 0 0 0 0 0 0 0
00005674_001.png 0 0 0 0 0 1 0 0 1 0 0 0 0 0
00011271_000.png 0 0 0 0 0 0 0 0 0 0 0 0 1 0
00010328_001.png 0 0 0 0 0 0 0 0 0 0 0 0 0 0
00003002_006.png 0 0 1 0 0 0 0 1 0 0 0 0 0 0
00015308_001.png 0 0 0 0 0 0 0 0 0 0 0 0 0 0
00001024_000.png 0 0 0 0 0 0 0 0 0 0 0 0 0 0
00030158_003.png 0 0 0 0 0 0 0 0 0 0 0 0 0 0
00027202_008.png 0 0 0 1 0 0 0 0 0 0 0 0 0 0
00010530_016.png 1 0 0 1 0 0 0 0 0 0 0 0 0 0
00030178_002.png 0 0 0 0 0 0 0 0 0 0 0 0 0 0
00010097_007.png 0 0 0 0 0 0 0 0 0 0 0 0 0 0
00000368_006.png 1 0 0 0 0 0 0 0 0 0 0 0 0 0
00003321_001.png 0 0 0 0 0 0 0 0 0 0 0 0 0 0
00002723_010.png 0 0 0 0 0 0 0 0 0 0 0 0 0 0
00010479_021.png 0 0 0 0 0 0 0 0 0 0 0 0 0 0
00003158_002.png 0 0 0 0 0 0 0 0 0 0 0 0 0 0
00001497_000.png 0 0 0 0 0 0 0 0 0 0 0 0 0 0
00014919_006.png 1 0 0 0 1 0 0 1 0 0 0 0 0 0
00003313_000.png 0 0 0 0 0 0 0 0 0 0 0 0 0 0
00024932_000.png 0 0 0 0 0 0 0 0 0 0 0 0 0 0
00010790_014.png 0 0 0 1 0 0 0 0 0 0 0 0 0 0
00012610_003.png 0 0 0 0 0 0 0 0 0 0 0 0 0 0
00022346_000.png 0 0 0 0 0 0 0 0 0 0 0 0 1 0
00009817_001.png 0 0 0 0 0 0 0 0 0 0 0 0 1 0
00026305_000.png 0 0 0 0 0 1 0 0 0 0 0 0 0 0
00006059_000.png 0 0 0 0 0 0 0 0 0 0 0 0 0 0
00028483_008.png 0 0 0 1 0 0 0 0 0 0 0 0 0 0
00028940_001.png 0 0 0 0 0 0 0 0 0 0 0 0 0 0
00021622_001.png 0 0 0 0 0 0 0 0 1 0 0 0 0 0
00011010_016.png 0 0 0 0 0 0 0 0 0 0 0 0 0 0
00021640_001.png 0 0 0 0 1 0 0 0 0 0 0 0 0 0
00018494_007.png 0 0 0 0 0 0 0 0 0 0 0 0 0 0
00008611_000.png 0 0 0 0 0 0 0 0 0 0 0 0 0 0
00004378_002.png 0 0 0 0 0 0 0 0 0 0 0 0 0 0
00004525_007.png 0 0 1 0 0 0 0 0 0 0 0 0 0 0
00019592_008.png 1 0 1 0 0 0 0 0 0 0 0 0 0 0
00016106_003.png 0 0 0 0 1 0 0 0 0 0 0 0 0 0
00019230_001.png 0 0 0 0 0 0 0 0 0 0 0 0 0 0
00018637_000.png 0 0 0 0 1 0 0 0 0 0 0 0 0 0
00021341_017.png 0 0 0 0 0 0 0 0 0 0 0 0 0 0
00002492_015.png 0 0 0 0 0 0 0 0 0 0 0 0 0 0
00004605_003.png 0 0 0 0 0 0 0 0 0 0 0 0 0 0
00002817_001.png 1 0 0 0 0 0 0 0 0 0 0 0 0 0
00018281_000.png 0 0 0 0 1 0 0 0 0 0 0 0 0 0
00015370_005.png 0 0 0 0 0 0 0 0 0 0 0 0 0 0
00005124_000.png 0 0 0 0 0 1 0 0 0 0 0 0 0 0
00011316_000.png 0 0 0 0 0 0 0 0 0 0 0 0 0 0
00008682_001.png 0 0 0 0 0 0 0 0 0 0 0 0 0 0
00008598_000.png 0 0 0 0 0 0 0 0 0 0 0 0 0 0
00026153_000.png 0 0 0 0 0 0 0 0 0 0 0 0 0 0
00020416_000.png 0 0 0 0 0 0 0 0 0 0 0 0 0 0
00006381_019.png 0 0 0 1 0 0 0 0 0 0 0 0 0 0
00019176_028.png 0 0 0 0 0 0 0 0 0 0 0 0 0 0
00008270_004.png 0 0 0 0 0 0 0 0 0 0 0 0 0 0
00012613_003.png 0 0 0 0 0 0 0 0 0 0 0 0 0 0
00021118_006.png 0 0 1 0 0 0 0 0 0 0 0 0 0 0
00011372_000.png 0 0 0 0 0 0 0 0 0 0 0 0 0 0
00003470_003.png 0 0 0 0 1 0 0 0 0 0 0 0 0 0
00020164_000.png 0 0 0 0 0 0 0 0 0 0 0 0 0 0
00026979_009.png 0 0 0 0 0 0 0 0 0 0 0 0 0 0
00004582_007.png 0 0 0 0 0 0 0 0 0 0 0 0 0 0
00002356_009.png 0 0 0 0 0 0 0 1 0 0 0 0 0 0
00026407_000.png 0 0 0 0 0 0 0 0 0 0 0 0 0 0
00000716_001.png 0 0 0 0 0 0 0 0 0 0 0 0 0 0
00004310_000.png 0 0 0 0 0 0 0 0 0 0 0 0 0 0
00010741_005.png 1 0 0 0 0 0 0 0 1 0 0 0 0 0
00007482_004.png 0 0 0 0 0 0 0 0 0 0 0 0 0 0
00018464_015.png 0 0 0 0 0 0 0 0 0 0 0 0 0 0
00022364_004.png 0 0 0 0 0 0 0 0 0 0 0 0 0 0
00022139_000.png 0 0 0 0 0 0 0 0 0 0 0 0 0 0
00009794_000.png 0 0 0 0 0 0 0 0 0 0 0 0 0 0
00018213_004.png 0 0 0 0 0 0 0 0 0 0 0 0 0 0
00002720_008.png 0 0 0 0 0 0 0 0 0 0 0 0 0 0
00007405_002.png 0 0 0 0 1 1 0 0 0 0 0 0 0 0
00017278_000.png 0 0 0 0 0 0 0 0 0 0 0 0 0 0
00000118_001.png 1 0 0 0 0 0 0 0 0 0 1 0 0 0
00017800_007.png 0 0 0 0 0 0 0 0 0 1 0 0 0 0
00012010_004.png 0 0 0 0 0 0 0 0 0 0 0 0 0 0
00020709_000.png 0 0 0 0 0 0 0 0 0 0 0 0 0 0
00012880_004.png 1 0 0 0 0 0 0 0 0 0 0 0 0 0
00019203_000.png 0 0 0 0 0 0 0 0 0 0 0 0 0 0
00027319_000.png 0 0 0 0 0 0 0 0 0 0 0 0 0 0
00022431_005.png 0 0 0 0 0 0 0 0 0 0 1 1 0 0
00006996_012.png 0 0 0 0 0 0 0 0 0 0 0 0 0 0
00008589_000.png 0 0 0 0 0 0 0 0 0 0 0 0 0 0
00013430_004.png 1 0 0 0 0 0 0 0 0 0 0 0 0 0
00009987_006.png 0 0 0 0 0 0 0 0 0 0 0 0 0 0
00002717_000.png 0 0 0 0 0 0 0 0 0 0 0 0 0 0
00029274_000.png 0 0 0 0 0 0 0 0 0 0 0 0 1 0
00026519_000.png 0 0 0 0 0 0 0 0 0 0 0 0 0 0
00002839_003.png 0 0 0 0 0 0 0 0 0 0 0 0 0 0
00014138_000.png 0 0 0 0 0 0 0 0 0 0 0 0 0 0
00002655_001.png 1 0 0 0 0 0 0 0 0 0 0 0 0 0
00002343_004.png 0 0 0 1 0 0 0 0 0 0 0 0 0 0
00029773_000.png 0 0 0 1 0 0 0 0 0 0 0 0 0 0
00021884_000.png 0 0 0 0 0 0 0 0 0 0 0 0 0 0
00023487_000.png 1 0 0 0 0 0 0 0 0 0 0 0 0 0
00025858_004.png 0 0 0 0 0 0 0 0 0 0 0 0 0 0
00007098_007.png 0 0 0 0 0 0 0 0 0 0 0 0 0 0
00002640_003.png 0 0 0 0 0 0 0 0 0 0 0 0 0 0
00024091_000.png 0 0 0 0 0 0 0 0 0 0 0 0 0 0
00003647_010.png 0 0 0 1 0 0 0 0 0 0 0 0 1 0
00008387_008.png 1 0 0 1 0 0 0 0 0 0 0 0 0 0
00003204_003.png 0 0 0 0 0 0 0 0 0 0 0 0 0 0
00003179_001.png 0 0 0 0 0 0 0 0 0 0 0 0 0 0
00010698_033.png 0 0 0 1 0 0 0 0 0 0 0 0 0 0
00018334_005.png 0 0 0 0 0 0 0 0 0 0 0 0 0 0
00005630_000.png 0 0 0 0 0 0 0 0 0 0 0 0 0 0
00028356_000.png 0 0 0 1 0 0 0 0 0 0 0 0 0 0
00011178_006.png 0 0 0 0 0 1 0 0 0 0 0 0 0 0
00029235_006.png 1 0 0 0 0 0 0 1 0 0 0 0 0 0
00001890_000.png 0 0 0 0 0 0 0 0 0 0 0 0 0 0
00003725_004.png 0 0 1 0 0 0 0 0 0 0 0 0 0 0
00019062_004.png 0 0 0 0 0 0 0 0 0 0 0 0 0 0
00029740_000.png 1 0 1 0 0 0 0 0 0 0 0 0 0 0
00027952_004.png 0 0 0 0 0 0 0 0 0 0 0 0 0 0
00025454_007.png 0 0 0 0 0 0 0 0 0 0 1 0 0 0
00014274_002.png 0 0 0 0 0 0 0 0 0 0 0 0 0 0
00011836_000.png 0 0 0 0 0 0 0 0 0 0 0 0 0 0
00009321_001.png 0 0 0 1 0 0 0 0 0 0 0 0 0 0
00014167_003.png 0 0 0 0 0 0 0 0 0 0 0 0 0 0
00010811_002.png 1 0 0 0 0 0 0 0 0 0 0 0 0 0
00012018_004.png 0 0 0 0 0 0 0 0 0 0 0 0 0 0
00018011_012.png 0 0 0 0 1 0 0 0 0 0 0 0 0 0
00006021_000.png 0 0 0 0 0 0 0 0 0 0 0 0 0 0
00013592_003.png 0 0 0 0 0 0 0 0 0 0 1 0 0 0
00020849_001.png 0 0 0 1 0 0 0 0 0 0 0 0 0 0
00014265_021.png 0 0 0 0 1 0 0 0 0 0 0 0 0 0
00003382_007.png 0 0 0 0 0 0 0 0 0 0 0 0 0 0
00000459_040.png 0 0 0 0 0 0 0 0 0 0 0 0 0 0
00020922_002.png 0 1 1 0 0 0 0 0 1 0 0 0 0 0
00027766_000.png 0 0 0 0 0 0 0 0 0 0 0 0 0 0
00004673_011.png 0 0 0 0 0 0 0 0 0 0 0 0 0 0
00003395_001.png 0 1 1 0 0 0 0 0 0 0 0 0 0 0
00026222_007.png 0 0 0 0 0 0 0 0 0 0 0 0 0 0
00009749_002.png 0 0 0 0 0 0 0 0 0 0 0 0 0 0
00023813_000.png 0 0 0 0 0 0 0 0 0 0 0 0 0 0
00006068_009.png 0 0 0 0 0 0 0 0 0 0 0 0 0 0
00015846_002.png 0 0 0 0 0 0 0 0 0 0 0 0 0 0
00003213_005.png 0 0 0 0 0 0 0 0 0 0 0 0 0 0
00011068_001.png 1 0 0 1 0 0 0 0 0 0 0 0 0 0
00016830_001.png 0 0 0 0 0 0 0 0 0 0 0 0 0 0
00012874_011.png 0 0 0 0 0 0 0 0 0 0 0 0 0 0
00007109_015.png 0 0 0 0 0 0 0 0 0 0 0 0 0 0
00019935_007.png 0 0 1 0 0 1 0 0 0 0 1 0 0 0
00026573_002.png 0 0 1 0 1 0 0 0 0 0 0 0 0 0
00013641_023.png 0 0 0 1 0 0 0 0 0 1 0 0 0 0
00025780_001.png 0 0 0 0 0 0 0 0 0 0 0 0 0 0
00000391_009.png 0 0 0 0 0 0 0 0 0 0 0 0 0 0
00027249_000.png 0 0 0 0 0 0 0 0 0 0 0 0 0 0
00013558_001.png 0 0 0 0 0 0 0 0 0 0 0 0 0 0
00004857_036.png 0 0 0 1 0 0 0 0 0 0 0 0 0 0
00006162_000.png 1 0 0 0 0 0 0 0 0 0 0 0 0 0
00011967_004.png 0 0 0 1 0 0 0 0 0 0 0 0 0 0
00005418_006.png 0 0 0 0 0 0 0 0 0 0 0 0 0 0
00005022_001.png 0 0 0 0 0 0 0 0 0 0 0 0 0 0
00007015_000.png 0 0 0 0 0 0 0 0 0 0 0 0 0 0
00012304_003.png 0 0 0 0 0 0 0 0 0 0 0 0 0 0
00012704_007.png 1 0 0 0 0 0 0 0 0 0 1 0 0 0
00009626_004.png 1 0 0 1 0 0 0 0 0 0 0 0 0 0
00015556_029.png 0 0 0 0 0 0 0 0 0 0 0 0 0 0
00009297_012.png 1 0 0 0 0 0 0 0 0 0 0 0 1 0
00011959_003.png 0 0 0 0 0 0 0 0 0 1 0 0 0 0
00023758_000.png 0 0 0 0 0 0 0 0 0 0 0 0 0 0
00022528_025.png 0 0 0 0 0 0 0 0 0 0 0 0 0 0
00011420_016.png 0 0 0 0 0 0 0 0 0 0 0 0 0 0
00002360_000.png 0 0 0 0 0 0 0 0 0 0 0 0 0 0
00004230_000.png 0 0 0 0 0 0 0 0 0 0 0 0 0 0
00019230_000.png 0 0 0 0 0 0 0 0 0 0 1 0 0 0
00012511_000.png 0 0 0 0 0 0 0 0 0 0 0 0 0 0
00002058_017.png 0 0 0 0 0 0 0 0 0 0 0 0 0 0
00000182_000.png 0 0 0 0 0 0 0 0 0 0 0 0 0 0
00015068_004.png 0 0 0 0 0 0 0 0 0 0 0 0 0 0
00006016_000.png 0 0 0 0 0 0 0 0 0 0 0 0 0 0
00011874_006.png 0 0 0 0 0 0 0 0 0 0 0 0 0 0
00007267_000.png 0 0 0 0 0 0 0 0 0 0 0 0 0 0
00020106_008.png 0 0 0 0 0 1 0 0 0 0 0 0 0 0
00027056_002.png 0 0 0 0 0 0 0 0 0 0 0 0 0 0
00019441_015.png 0 0 0 1 1 1 0 0 0 0 0 0 0 0
00027623_007.png 0 0 1 0 0 0 0 0 0 1 0 0 0 0
00000481_001.png 0 0 0 0 0 0 0 0 0 0 0 0 0 0
00005257_000.png 0 0 0 0 0 0 0 0 0 0 0 0 0 0
00003468_000.png 0 0 0 0 0 0 0 0 0 0 0 0 0 0
00006768_001.png 0 0 0 0 0 0 0 0 0 0 0 0 0 0
00026716_002.png 0 0 0 0 0 0 0 0 0 0 0 0 0 0
00001716_000.png 0 0 0 0 0 0 0 0 0 0 0 0 0 0
00016816_001.png 0 0 0 0 0 0 0 0 0 0 0 0 0 0
00029649_000.png 0 0 0 0 0 1 0 0 0 0 0 0 0 0
00027108_012.png 0 0 0 0 0 0 0 0 0 0 0 0 0 0
00006724_001.png 0 0 0 0 0 0 0 0 0 0 0 0 0 0
00019545_003.png 1 0 1 0 0 0 0 0 0 0 0 0 0 0
00005892_009.png 0 0 0 0 0 0 0 0 0 0 0 0 0 0
00001971_002.png 0 0 0 0 0 0 0 0 0 1 0 0 0 0
00013917_008.png 0 0 0 0 1 0 0 0 0 0 0 0 0 0
00016629_000.png 0 0 0 0 0 0 0 0 0 0 0 0 0 0
00001896_001.png 0 0 0 0 0 0 0 0 0 0 0 0 0 0
00016276_000.png 0 0 0 0 1 0 0 0 0 0 0 0 0 0
00009604_005.png 0 0 0 0 0 0 0 0 0 0 0 0 0 0
00011362_001.png 0 0 0 0 0 0 0 0 0 0 0 0 0 0
00004833_039.png 0 0 0 0 0 0 0 0 1 0 0 0 0 0
00016075_005.png 0 0 0 0 0 0 0 0 0 0 0 0 0 0
00027561_001.png 0 0 0 1 0 0 0 0 0 0 0 0 0 0
00018464_010.png 0 1 0 1 0 0 0 0 0 0 0 0 0 0
00006986_000.png 0 0 0 0 1 0 0 0 0 0 0 0 0 0
00010752_016.png 0 0 0 0 0 0 0 0 0 0 0 0 0 0
00007307_000.png 0 0 0 0 0 0 0 0 0 0 0 0 0 0
00007962_008.png 0 0 0 0 0 0 0 0 0 0 0 0 0 0
00018701_000.png 0 0 0 1 0 1 0 0 0 0 0 0 0 0
00001202_005.png 0 0 0 0 0 0 0 0 0 0 0 0 0 0
00008058_001.png 0 0 0 0 0 0 0 0 0 0 0 0 0 0
00015020_000.png 0 0 0 0 0 0 0 0 0 0 0 0 0 0
00018670_000.png 0 0 0 0 0 0 0 0 0 0 0 0 0 0
00011287_005.png 0 0 0 0 1 0 0 0 0 0 0 0 0 0
00012072_001.png 0 0 0 0 0 1 0 0 0 0 0 0 0 0
00007160_002.png 1 0 0 0 0 0 0 0 0 0 0 0 0 0
00005069_029.png 0 0 0 0 0 0 0 0 0 0 0 0 0 0
00017467_023.png 0 0 0 0 1 0 0 0 0 0 0 0 0 0
00001833_011.png 0 0 0 0 0 0 0 0 0 0 0 1 0 0
00021552_008.png 0 0 0 0 0 0 0 0 0 0 0 0 0 0
00010243_003.png 0 0 0 0 0 0 0 0 0 0 0 0 0 0
00009051_009.png 0 0 0 0 0 0 0 0 0 0 0 0 0 0
00021015_000.png 0 0 0 0 0 0 0 0 0 0 0 0 0 0
00015873_000.png 0 0 0 0 0 0 0 0 0 0 0 0 0 0
00013788_000.png 0 0 0 0 0 0 0 0 0 0 0 0 0 0
00010444_002.png 0 0 0 0 0 0 0 0 0 0 0 0 0 0
00010270_015.png 0 0 0 0 0 0 0 0 0 0 0 0 0 0
00001147_002.png 0 0 0 0 0 0 0 0 0 0 0 0 0 0
00008746_003.png 0 0 0 0 1 0 0 0 1 0 0 0 1 0
00018103_017.png 1 0 1 0 0 0 0 0 1 0 0 0 0 0
00014809_006.png 0 0 0 0 0 0 0 0 0 0 0 0 0 0
00012615_006.png 0 0 0 0 0 0 0 0 0 0 0 0 0 0
00003246_001.png 0 0 0 0 0 0 0 0 0 0 0 1 0 0
00012626_013.png 0 0 0 1 0 0 0 0 0 1 0 0 0 0
00015951_000.png 0 0 0 0 0 0 0 0 0 0 0 0 0 0
00024281_000.png 0 0 0 0 0 1 0 0 0 0 0 0 0 0
00018152_000.png 0 0 0 0 0 0 0 0 0 0 0 0 0 0
00026148_004.png 0 0 0 0 0 0 0 0 0 0 0 0 0 0
00014946_002.png 0 0 0 0 0 0 0 0 0 0 0 0 0 0
00001301_033.png 0 0 0 1 0 0 0 0 0 1 0 0 0 0
00005413_001.png 0 0 0 0 0 0 0 0 0 0 0 0 0 0
00011850_000.png 0 0 0 0 0 0 0 0 0 0 0 0 0 0
00008033_006.png 0 0 0 0 0 0 0 0 0 0 0 0 0 0
00029422_004.png 0 0 0 1 0 0 1 0 0 1 0 0 0 0
00012010_039.png 0 0 0 0 0 0 0 0 0 0 0 0 0 0
00001814_004.png 0 0 0 0 0 0 0 0 1 0 0 0 0 0
00005079_025.png 0 0 0 0 0 0 0 0 0 0 0 0 0 0
00019758_006.png 0 0 0 0 0 0 0 0 0 0 0 0 0 0
00015670_001.png 0 0 0 0 0 0 0 0 0 0 0 0 0 0
00014140_008.png 0 0 0 0 1 1 0 0 0 0 0 0 0 0
00019860_007.png 0 0 0 0 0 0 0 0 0 0 0 0 0 0
00024544_000.png 0 0 0 0 0 0 0 0 0 0 0 0 0 0
00005425_000.png 0 1 0 0 0 0 0 0 0 0 0 0 0 0
00017603_012.png 0 0 0 0 0 0 0 0 0 0 0 0 0 0
00028987_010.png 0 0 1 0 0 0 0 0 0 0 0 0 0 0
00008594_005.png 0 0 0 0 0 0 0 0 0 0 1 0 0 0
00011568_008.png 0 0 1 0 0 0 0 0 0 0 0 0 1 0
00002070_000.png 0 0 0 0 0 0 0 0 0 0 0 0 0 0
00019837_000.png 0 0 0 1 0 0 0 0 0 0 0 0 0 0
00000093_001.png 0 0 0 0 0 1 0 0 0 0 0 0 0 0
00025297_002.png 0 0 0 0 0 0 0 0 0 0 0 0 0 0
00026252_004.png 0 0 0 1 0 0 0 0 0 0 0 0 0 0
00008899_004.png 0 0 0 0 0 0 0 0 0 0 0 0 0 0
00016611_000.png 0 0 0 0 0 0 0 0 0 0 0 0 0 0
00019595_000.png 1 0 1 0 0 0 0 0 1 0 0 0 0 0
00003269_010.png 0 0 0 1 0 0 1 0 0 0 0 0 0 0
00014910_001.png 0 0 0 0 0 0 0 0 0 0 0 0 0 0
00014145_020.png 0 0 0 0 0 0 0 0 0 0 0 0 0 0
00005778_024.png 0 0 0 1 0 0 0 0 0 0 0 0 0 0
00013594_020.png 0 0 0 1 0 0 0 0 1 0 0 0 0 0
00023990_000.png 0 0 0 0 0 0 0 0 0 0 0 0 0 0
00013952_004.png 0 0 0 0 0 0 0 0 0 0 0 0 0 0
00018546_003.png 0 0 0 1 0 0 0 0 0 0 0 0 0 0
00014715_009.png 0 0 0 0 0 0 0 0 0 0 0 0 0 0
00018263_001.png 0 0 0 1 1 0 0 1 0 0 0 0 0 0
00013372_000.png 0 0 0 0 0 0 0 0 0 0 0 0 0 0
00027237_000.png 0 0 0 0 0 0 0 0 0 0 0 0 0 0
00005888_000.png 0 0 0 0 0 0 0 0 0 0 0 0 0 0
00008694_001.png 0 0 0 1 1 0 0 0 0 0 0 0 0 1
00019117_000.png 0 0 0 0 0 0 0 0 0 0 0 0 0 0
00017295_000.png 0 0 0 0 0 0 0 0 0 0 0 0 0 0
00007814_000.png 0 0 0 0 0 0 0 0 0 0 0 0 0 0
00028290_010.png 0 0 0 0 0 0 0 0 0 0 0 0 0 0
00013608_006.png 0 0 1 0 0 1 0 0 0 0 0 0 0 0
00018451_003.png 0 0 0 1 0 0 0 0 0 0 0 0 0 0
00026842_000.png 0 0 0 0 0 0 0 0 0 0 0 0 0 0
00000030_000.png 1 0 0 0 0 0 0 0 0 0 0 0 0 0
00013736_000.png 0 0 1 0 0 0 0 0 0 0 0 0 0 0
00012931_026.png 0 0 0 1 0 0 0 0 0 0 0 0 0 0
00009606_010.png 1 0 0 0 0 0 0 0 0 0 0 0 1 0
00019549_009.png 0 0 1 0 0 0 0 0 0 0 1 0 0 0
00029358_003.png 0 0 1 0 0 0 0 0 0 0 0 0 0 0
00014534_001.png 0 0 0 0 0 0 0 0 0 0 0 0 0 0
00021228_000.png 0 0 0 1 0 0 0 0 0 0 0 0 0 0
00020106_001.png 0 0 0 0 0 0 0 0 0 0 1 0 1 0
00020125_008.png 0 0 1 0 0 0 0 0 0 0 0 0 0 0
00009789_000.png 1 0 0 0 0 0 0 0 0 0 0 0 0 0
00024507_000.png 0 0 0 0 0 0 0 0 0 0 0 0 0 0
00021650_000.png 0 0 0 0 0 0 0 0 0 0 0 0 0 0
00007618_001.png 0 0 0 0 0 0 0 0 0 0 0 0 0 0
00003867_002.png 0 0 0 0 0 0 0 0 0 0 0 0 0 0
00012823_001.png 0 0 0 0 0 0 0 0 0 0 0 0 0 0
00025081_014.png 0 0 0 1 0 0 0 0 0 0 0 0 0 0
00015152_006.png 0 0 0 0 0 0 0 0 0 0 0 0 0 0
00004317_002.png 0 0 0 0 0 0 0 0 0 0 0 0 0 0
00010697_001.png 0 0 0 0 0 0 0 0 0 0 0 0 0 0
00014000_001.png 1 0 0 1 0 0 0 0 0 0 0 0 0 0
00010325_000.png 0 0 0 0 0 0 0 0 0 0 0 0 0 0
00009026_000.png 0 0 0 0 0 0 0 0 0 0 0 0 0 0
00006699_003.png 0 0 0 0 0 0 0 0 0 0 0 0 0 0
00001194_002.png 0 0 1 0 0 0 0 1 0 0 0 0 0 0
00002152_001.png 0 0 1 0 0 0 0 0 0 0 0 0 0 0
00011104_010.png 0 0 1 1 0 0 0 0 1 0 0 0 0 0
00021778_000.png 0 0 0 0 0 0 0 0 0 0 0 0 0 0
00003393_013.png 0 0 1 1 1 0 0 0 0 0 0 0 0 0
00020740_001.png 0 0 0 0 0 0 0 0 0 0 0 0 0 0
00018805_000.png 0 0 0 0 0 0 0 0 0 0 0 0 0 0
00028902_000.png 0 0 0 0 0 0 0 0 0 0 0 0 0 0
00008803_000.png 0 0 0 0 0 0 0 0 0 0 0 0 0 0
00017546_001.png 0 0 0 0 0 0 0 0 0 0 0 0 0 0
00022864_001.png 0 0 0 0 0 0 0 0 0 0 0 0 0 0
00018150_000.png 0 0 0 0 0 0 0 0 0 0 0 0 1 0
00011054_000.png 0 0 0 1 0 0 0 0 1 0 0 1 0 0
00006703_004.png 1 0 0 1 0 0 0 0 0 0 0 0 0 0
00000280_003.png 0 0 0 0 0 0 0 0 0 0 0 0 1 0
00005000_009.png 0 0 0 0 0 0 0 0 0 0 0 0 0 0
00019307_000.png 0 0 0 0 0 0 0 0 0 0 0 0 0 0
00010032_000.png 0 0 0 0 1 0 0 0 0 0 0 0 0 0
00007909_000.png 0 0 0 0 0 0 0 0 0 0 0 1 0 0
00025197_000.png 0 0 0 0 0 0 0 0 0 0 0 0 0 0
00021212_003.png 0 0 0 0 0 0 0 0 0 0 0 0 0 0
00002344_009.png 0 0 0 0 0 0 0 0 0 0 0 0 0 0
00027410_003.png 0 0 1 1 0 0 0 0 0 0 0 0 0 0
00011351_007.png 0 0 0 0 0 0 0 0 0 0 0 0 0 0
00005684_003.png 0 0 0 0 0 0 0 0 0 0 0 0 0 0
00020811_017.png 1 0 0 1 0 0 0 0 0 0 0 0 0 0
00006107_000.png 0 0 0 0 0 0 0 0 0 0 0 0 0 0
00021213_002.png 0 0 0 0 0 0 0 0 0 0 0 0 0 0
00025858_005.png 0 0 0 0 0 0 0 0 0 0 0 0 0 0
00027492_004.png 0 0 0 0 0 1 0 0 0 0 0 0 0 0
00014313_000.png 0 0 0 0 0 0 0 0 0 0 0 0 0 0
00020147_003.png 0 0 0 0 0 0 0 0 0 0 0 0 0 0
00023690_001.png 0 0 0 0 0 0 0 0 0 0 0 0 0 0
00019401_003.png 0 0 0 0 0 0 0 0 0 0 0 0 0 0
00026836_001.png 0 0 0 0 0 0 0 0 0 0 0 0 0 0
00020307_003.png 0 0 0 0 0 0 0 0 0 0 0 0 0 0
00007159_000.png 0 0 0 0 0 0 0 0 0 0 0 0 0 0
00021759_000.png 0 0 0 0 0 0 0 0 0 0 0 0 0 0
00020485_006.png 0 0 0 0 0 0 0 0 0 0 0 0 0 0
00011767_000.png 0 0 0 0 0 0 0 0 0 0 0 0 0 0
00011235_002.png 0 1 0 0 0 0 0 0 0 0 0 0 0 0
00012543_014.png 0 0 0 0 0 0 0 0 0 0 0 0 0 0
00025373_001.png 0 0 0 1 0 0 0 0 0 0 0 0 0 0
00022310_008.png 1 0 0 1 0 0 0 0 0 0 0 0 0 0
00010838_000.png 0 0 0 0 0 0 0 0 0 0 0 0 0 0
00012422_003.png 0 0 0 0 0 0 0 0 0 0 0 0 0 0
00020018_001.png 0 0 0 1 0 0 0 0 0 0 0 0 0 0
00003535_006.png 0 0 1 0 0 1 0 0 0 0 0 0 0 0
00012891_006.png 0 0 0 0 1 0 0 0 0 0 0 0 0 0
00010693_008.png 0 0 0 0 0 0 0 0 0 0 0 0 0 0
00012276_003.png 0 0 0 0 0 0 0 0 0 0 0 0 0 0
00015190_003.png 0 0 0 0 1 0 0 0 0 0 0 0 0 0
00014399_000.png 0 0 0 0 0 0 0 0 0 0 0 0 0 0
00026372_004.png 0 0 0 0 0 0 0 0 0 0 0 0 0 0
00003663_000.png 1 0 0 0 0 0 0 0 1 0 0 0 0 0
00006308_003.png 0 0 0 0 1 0 0 0 0 0 0 0 0 0
00006850_015.png 0 0 1 0 0 0 0 0 0 0 0 0 0 0
00010544_027.png 0 0 0 1 0 0 0 0 0 0 0 0 0 0
00017499_000.png 0 0 0 0 0 0 0 0 0 0 0 0 1 0
00006926_018.png 0 0 0 0 0 0 0 1 0 0 0 0 0 0
00009798_024.png 0 0 0 0 0 0 0 0 0 0 0 0 0 0
00003005_008.png 0 0 0 0 0 0 0 0 1 0 0 0 0 0
00018829_011.png 0 0 1 0 0 0 0 0 0 0 0 0 0 0
00018521_003.png 0 0 1 0 0 1 0 0 0 0 0 0 0 0
00014935_000.png 0 0 0 0 0 0 0 0 0 0 0 0 0 0
00026546_004.png 0 0 0 0 0 0 0 0 0 0 0 0 0 0
00021275_004.png 0 0 0 0 0 0 0 0 0 0 0 0 0 0
00018884_001.png 0 0 0 0 0 0 0 0 0 0 0 0 0 0
00002885_000.png 0 0 0 0 0 0 0 0 0 0 0 0 0 0
00009436_006.png 0 0 0 0 0 0 0 0 0 0 0 0 0 0
00019094_002.png 0 0 0 0 0 0 0 0 0 0 0 0 0 0
00017753_016.png 0 0 1 0 0 0 0 0 1 0 0 0 0 0
00029764_000.png 0 0 0 1 0 0 0 0 0 0 0 0 0 0
00000949_006.png 0 0 0 0 0 0 0 0 0 0 0 0 0 0
00028902_002.png 0 0 0 1 0 0 0 0 0 0 0 0 0 0
00017367_003.png 1 0 0 1 0 0 0 0 0 0 0 0 0 0
00021893_000.png 0 0 0 1 0 0 0 0 0 0 0 0 0 0
00000301_001.png 0 0 0 0 0 0 0 0 0 0 0 0 0 0
00015992_001.png 0 0 0 0 0 0 0 0 0 0 0 0 0 0
00013523_003.png 0 0 0 0 1 0 0 0 0 0 0 0 0 0
00017778_000.png 0 0 0 0 0 0 0 0 0 0 0 0 0 0
00019053_000.png 0 0 0 0 0 0 0 0 0 0 0 0 0 0
00026236_015.png 0 0 0 0 0 0 0 0 0 0 0 0 1 0
00026748_002.png 0 0 0 0 0 0 0 0 0 0 0 0 0 0
00010124_000.png 0 0 0 0 0 0 0 0 0 0 0 0 0 0
00022526_003.png 0 0 1 0 0 0 0 0 0 0 0 0 0 0
00010054_000.png 0 0 0 0 0 0 0 0 0 0 0 0 0 0
00012322_006.png 0 0 0 0 0 0 0 0 0 0 0 0 0 0
00019825_008.png 0 0 0 0 0 0 0 0 0 0 0 0 0 0
00022365_000.png 0 0 0 0 0 0 0 0 0 0 0 0 0 0
00001377_000.png 1 0 1 0 0 0 0 0 0 0 0 0 0 0
00017731_001.png 0 0 0 0 0 1 0 0 0 0 0 0 0 0
00015196_013.png 0 0 0 0 0 1 0 0 0 0 0 0 0 0
00018362_007.png 0 0 0 0 0 0 0 0 0 0 0 0 0 0
00007418_009.png 0 0 0 0 0 0 0 0 0 0 0 0 0 0
00021367_003.png 0 0 0 0 0 0 0 0 0 0 0 0 0 0
00005895_011.png 0 0 1 1 0 0 0 0 0 1 0 0 0 0
00026041_002.png 0 0 0 0 0 0 0 0 0 0 0 0 0 0
00001278_019.png 0 0 0 0 0 0 0 0 0 0 0 0 0 0
00017944_003.png 0 0 1 1 0 0 0 0 0 0 0 0 0 0
00030638_000.png 0 0 0 0 0 1 0 0 0 0 0 0 0 0
00027888_001.png 0 0 0 0 0 0 0 0 0 0 0 0 0 0
00001286_001.png 0 0 0 0 0 0 0 0 0 0 0 0 0 0
00003834_001.png 1 0 0 0 0 0 0 0 0 0 0 1 0 0
00019488_001.png 0 0 0 0 0 0 0 0 0 0 0 0 0 0
00006215_010.png 0 0 0 0 0 0 0 0 0 0 0 0 0 0
00021073_008.png 1 0 0 0 0 1 0 1 0 0 1 1 1 0
00008180_010.png 0 0 0 0 0 0 0 0 0 0 0 0 0 0
00002349_001.png 0 0 0 0 0 0 0 0 0 0 0 0 0 0
00011808_004.png 1 0 0 0 0 0 0 0 0 0 0 0 0 0
00017291_002.png 1 0 0 0 0 0 0 0 0 0 0 0 0 0
00014764_001.png 0 0 0 1 0 0 0 0 0 0 0 0 0 0
00009652_004.png 0 0 0 1 0 0 0 0 0 0 0 0 0 0
00020703_004.png 0 1 1 0 0 0 0 0 0 1 0 0 0 0
00014741_010.png 1 0 0 0 0 0 0 0 0 0 0 0 0 0
00015270_000.png 0 0 0 0 0 0 0 0 0 0 0 0 0 0
00017293_000.png 0 0 0 0 0 0 0 0 0 0 0 0 0 0
00012603_007.png 0 0 0 0 0 0 0 0 0 0 0 0 0 0
00019170_000.png 0 0 0 0 0 0 0 0 0 0 0 0 0 0
00011472_001.png 0 0 0 0 0 0 1 0 0 0 0 0 0 0
00003721_000.png 0 0 0 0 0 0 0 0 0 0 0 0 0 0
00021532_000.png 0 0 0 0 0 0 0 0 0 0 0 0 0 0
00000941_000.png 0 0 0 0 0 0 0 0 0 0 0 0 0 0
00026320_004.png 0 0 0 0 0 0 0 0 0 0 0 0 0 0
00002410_002.png 0 0 0 0 0 0 0 0 0 0 0 0 0 0
00015892_006.png 0 0 0 0 1 0 0 0 0 0 0 0 0 0
00010314_005.png 0 0 0 1 0 0 0 0 0 0 0 0 0 0
00003209_002.png 0 0 0 0 0 0 0 0 0 0 0 0 0 0
00001911_015.png 1 1 1 0 0 0 0 0 0 0 0 0 0 0
00001483_002.png 0 0 0 1 0 0 0 1 0 0 0 0 0 0
00011235_007.png 0 0 0 0 0 0 0 0 0 0 0 0 0 0
00009046_000.png 0 0 0 0 0 0 0 0 0 0 0 0 0 0
00000980_005.png 0 0 0 0 0 0 0 0 0 0 0 0 0 0
00006906_041.png 0 0 0 0 0 0 1 0 1 0 0 0 0 0
00010807_001.png 0 0 0 0 0 0 0 0 0 0 0 0 0 0
00005832_034.png 0 0 1 1 0 0 0 0 0 0 0 0 0 0
00021681_000.png 0 0 0 1 0 0 0 0 0 0 0 0 0 0
00005379_000.png 0 0 0 0 0 0 0 0 0 0 0 0 0 0
00027851_001.png 0 0 0 0 0 0 0 0 0 0 0 0 0 0
00009995_012.png 0 0 0 0 0 0 0 0 0 0 0 0 0 0
00021231_002.png 1 0 0 0 0 0 0 0 0 0 0 0 0 0
00011628_000.png 0 0 0 0 0 0 0 0 0 0 0 0 0 0
00016805_004.png 1 0 0 0 1 0 0 1 0 0 0 0 1 0
00007534_010.png 0 0 0 0 0 0 0 0 0 0 0 0 0 0
00005388_001.png 0 0 0 0 0 1 0 0 0 0 0 0 0 0
00007354_010.png 0 0 0 1 0 0 0 0 0 0 0 0 0 0
00014024_006.png 0 0 0 0 0 0 0 0 0 0 0 0 0 0
00029213_003.png 1 0 0 1 1 0 0 0 1 0 0 0 0 0
00001231_000.png 0 0 0 0 0 0 0 0 0 0 0 0 0 0
00014063_001.png 0 0 0 0 0 0 0 0 0 0 0 0 0 0
00028911_000.png 1 0 0 0 0 0 0 0 0 0 0 0 0 0
00017106_000.png 0 0 0 0 1 1 0 0 0 0 0 0 0 0
00018037_016.png 0 0 0 0 0 0 0 0 0 0 0 0 0 0
00008969_004.png 0 0 0 0 0 0 0 0 0 0 0 0 0 0
00003494_001.png 0 0 0 0 0 0 0 1 0 0 0 0 0 0
00030652_001.png 0 0 0 1 0 0 0 0 0 0 0 0 0 0
00011006_001.png 0 0 0 0 0 1 0 0 0 0 0 1 0 0
00004787_005.png 0 0 0 0 0 0 0 0 0 0 0 0 0 0
00013616_022.png 0 0 0 1 0 0 0 0 0 0 0 0 0 0
00005676_000.png 0 0 0 0 0 0 0 0 0 0 0 0 0 0
00028013_004.png 0 0 1 0 0 0 0 0 0 0 0 0 0 0
00001950_001.png 0 0 0 0 0 0 0 0 0 0 0 0 0 0
00015758_011.png 0 0 0 0 0 0 0 0 0 0 0 0 0 0
00025964_008.png 0 0 0 0 0 0 0 0 0 0 0 0 0 0
00019479_002.png 0 0 0 0 0 0 0 0 0 0 0 0 0 0
00016882_007.png 0 0 0 0 0 0 0 0 0 0 0 0 0 0
00003220_004.png 0 0 1 0 0 0 0 0 0 0 0 0 0 0
00023823_000.png 0 0 0 0 0 0 0 0 0 0 0 0 0 0
00015486_003.png 0 0 0 0 0 0 0 0 0 0 0 0 0 0
00000627_000.png 0 0 0 0 0 0 0 0 0 0 0 0 0 0
00019092_012.png 1 0 1 0 0 0 0 0 0 0 0 0 0 0
00022634_001.png 0 0 0 0 0 0 0 0 0 0 0 0 0 0
00004959_006.png 0 0 0 0 0 1 0 0 0 0 0 0 1 0
00019716_000.png 0 0 0 1 0 0 0 0 0 0 0 0 0 0
00016486_001.png 1 0 0 0 0 0 0 0 0 0 0 0 0 0
00020995_001.png 0 0 0 0 0 0 0 0 0 0 0 0 0 0
00006938_003.png 0 0 0 0 1 0 0 0 0 0 0 0 0 0
00019812_000.png 0 0 0 0 0 0 0 0 0 0 0 0 0 0
00007917_006.png 1 0 0 0 0 1 0 1 0 0 0 0 0 0
00025393_008.png 0 0 0 0 1 1 0 0 0 0 0 0 0 0
00012202_003.png 0 0 0 0 0 0 0 0 0 0 0 0 0 0
00026236_009.png 0 0 0 0 0 0 0 0 0 0 0 0 0 0
00022249_002.png 0 0 0 0 0 0 0 0 0 0 0 0 0 0
00021219_018.png 0 0 0 0 0 0 0 0 0 0 0 0 0 0
00019816_000.png 0 0 0 0 0 0 0 0 0 0 0 0 0 0
00030720_002.png 0 0 0 0 0 0 0 0 0 0 0 0 0 0
00012144_015.png 0 0 0 0 0 0 0 0 0 0 0 0 0 0
00014535_001.png 0 0 0 0 0 0 0 0 0 0 0 0 0 0
00011144_030.png 0 0 1 0 0 0 0 1 1 0 0 0 1 0
00003974_004.png 0 0 1 0 0 0 0 0 0 0 0 0 0 0
00012625_007.png 0 0 0 0 0 0 0 0 0 0 0 0 0 0
00020513_011.png 0 0 0 0 0 0 0 0 0 0 0 0 0 0
00011042_000.png 0 0 0 0 0 0 0 0 0 0 0 0 0 0
00021217_000.png 0 0 0 0 0 0 0 0 0 0 0 0 0 0
00028357_022.png 0 0 0 0 0 0 0 0 1 0 0 0 0 0
00017280_000.png 0 0 0 0 0 0 0 0 0 0 0 0 0 0
00015214_002.png 0 0 0 0 0 0 0 0 0 0 0 0 0 0
00001362_000.png 0 0 0 0 0 0 0 0 0 0 0 0 0 0
00022854_000.png 0 0 0 0 0 0 0 0 0 0 0 0 0 0
00014647_012.png 0 0 0 0 0 0 0 0 0 0 0 0 0 0
00008187_001.png 0 0 0 0 0 0 0 0 0 0 0 0 0 0
00022477_000.png 0 0 0 0 0 0 0 0 0 0 0 0 0 0
00009676_003.png 0 0 0 0 0 0 0 0 0 0 0 0 0 0
00016137_002.png 0 0 0 0 0 0 0 0 0 0 0 0 0 0
00011723_032.png 0 0 0 0 0 0 0 0 0 0 0 0 0 0
00015423_005.png 1 0 0 0 0 0 0 1 0 0 0 0 0 0
00012628_065.png 0 0 0 0 0 0 0 1 0 0 0 0 0 0
00012492_011.png 0 0 0 0 0 0 0 1 0 0 0 0 0 0
00027320_002.png 1 0 0 0 0 0 0 0 0 0 0 0 0 0
00000500_002.png 0 0 0 0 0 0 0 0 0 0 0 0 0 0
00025131_001.png 0 0 0 0 0 0 0 0 0 0 0 0 0 0
00008649_010.png 1 0 0 0 0 0 0 0 0 1 0 0 0 0
00003899_001.png 0 0 0 0 0 1 0 0 0 0 0 0 0 0
00010930_000.png 0 0 0 0 0 0 0 0 0 0 0 0 0 0
00018464_017.png 0 0 0 1 0 0 1 0 0 1 0 0 0 0
00022535_000.png 0 0 0 0 0 0 0 0 0 0 0 0 0 0
00027287_001.png 0 0 0 0 0 0 0 0 0 0 0 0 0 0
00010888_004.png 1 0 0 0 0 0 0 0 0 0 0 0 0 0
00021835_018.png 0 0 0 0 0 0 0 0 0 1 0 0 0 0
00022674_000.png 0 0 0 0 0 0 0 0 0 0 0 0 0 0
00020383_003.png 0 0 0 0 0 0 0 0 0 0 0 0 0 0
00000827_007.png 1 0 0 0 0 0 0 0 1 0 0 0 0 0
00004285_001.png 0 0 0 1 0 0 0 0 0 0 0 0 0 0
00013282_007.png 1 0 0 0 0 0 0 1 0 0 0 0 0 0
00010190_002.png 0 0 0 0 0 0 0 0 0 0 0 0 0 0
00018362_018.png 0 0 0 0 0 0 0 0 0 0 0 1 0 0
00011021_022.png 0 0 0 0 0 0 0 0 0 0 0 0 0 0
00013838_003.png 0 0 0 0 0 0 0 0 0 0 0 0 0 0
00029483_000.png 0 0 1 0 0 0 0 0 0 0 0 0 0 0
00016806_005.png 0 0 0 0 0 0 0 0 0 0 0 0 0 0
00021651_009.png 0 0 0 0 0 0 0 0 0 0 0 0 0 0
00027189_007.png 1 0 0 0 0 1 0 0 0 0 0 0 0 0
00025849_056.png 0 0 0 0 0 0 0 0 0 0 0 0 0 0
00015595_000.png 0 0 0 0 0 0 0 0 0 0 0 0 0 0
00019328_003.png 0 0 0 0 0 0 0 0 0 0 0 0 0 0
00026982_004.png 0 0 0 0 0 0 0 0 0 0 0 0 0 0
00014931_000.png 0 0 0 0 0 0 0 0 0 0 0 0 0 0
00015995_006.png 0 0 0 1 0 0 0 0 0 0 0 0 0 0
00020654_000.png 0 0 0 0 0 0 0 0 0 0 0 0 0 0
00012238_001.png 0 0 0 0 0 0 0 0 0 0 0 0 0 0
00013855_004.png 0 0 0 1 0 0 0 0 0 0 0 0 0 0
00011426_000.png 0 0 0 0 0 0 0 0 0 0 0 0 0 0
00010531_038.png 0 0 0 0 0 0 0 0 0 0 0 0 0 0
00005663_001.png 0 0 0 0 0 0 0 0 0 0 0 0 0 0
00008739_003.png 0 0 0 0 0 0 0 0 0 0 0 0 0 0
00014242_002.png 0 0 0 0 0 0 0 0 0 0 0 0 0 0
00005604_000.png 0 0 0 0 0 1 0 0 0 0 0 0 0 0
00026135_001.png 0 0 1 0 0 0 0 0 0 0 0 0 0 0
00008359_000.png 0 0 0 0 0 0 0 0 0 0 0 0 0 0
00008678_003.png 0 0 0 0 0 0 0 0 0 0 0 0 0 0
00009925_043.png 0 0 0 0 0 0 0 1 0 0 0 0 0 0
00022291_002.png 1 0 0 0 0 0 0 0 1 0 0 0 0 0
00012502_012.png 0 0 0 0 0 0 0 0 0 0 0 0 0 0
00030320_002.png 0 0 0 0 0 0 0 0 0 0 0 0 0 0
00025551_000.png 0 0 0 0 0 0 0 1 0 0 0 0 0 0
00012777_006.png 1 0 1 1 0 1 0 0 0 1 0 0 1 0
00004717_000.png 1 0 0 0 0 0 0 0 0 0 0 0 0 0
00008787_000.png 0 0 0 0 0 0 0 0 0 0 0 0 0 0
00013408_005.png 0 0 0 0 0 0 0 0 0 0 0 0 0 0
00010437_000.png 0 1 1 0 0 0 0 0 0 0 0 0 0 0
00016425_000.png 0 0 0 0 0 0 1 0 0 0 0 0 0 0
00008062_005.png 0 0 0 0 0 0 0 0 0 0 0 0 0 0
00013633_007.png 0 0 0 0 0 0 0 0 0 0 0 0 0 0
00000693_002.png 0 0 0 1 0 0 0 0 0 0 0 0 0 0
00005847_000.png 0 0 0 0 0 0 0 0 0 0 0 0 0 0
00012409_000.png 0 0 0 0 0 0 0 0 0 0 0 1 0 0
00002118_003.png 0 0 0 0 0 0 0 0 0 0 0 0 0 0
00002505_017.png 0 0 0 1 0 0 0 0 1 0 0 0 0 0
00027182_002.png 0 0 1 0 0 0 0 0 0 0 0 0 0 0
00013178_004.png 0 0 0 0 0 0 0 0 0 0 0 0 0 0
00005833_000.png 0 0 0 0 0 0 0 0 0 0 0 0 0 0
00022677_004.png 0 0 0 0 0 0 0 0 0 1 0 0 0 0
00004833_012.png 0 0 0 1 0 0 0 0 0 0 0 0 0 0
00000613_001.png 0 0 0 0 0 0 0 0 0 0 0 0 0 0
00028765_021.png 0 0 0 1 0 0 0 0 0 0 0 0 0 0
00012857_003.png 1 0 0 1 0 0 0 0 0 0 0 0 0 0
00021484_003.png 0 0 0 1 0 0 0 0 0 0 0 0 0 0
00021996_000.png 0 0 0 0 0 0 0 0 0 0 0 0 0 0
00020043_015.png 0 0 0 0 0 0 0 0 0 0 0 0 0 0
00015447_000.png 0 0 0 0 0 0 0 0 0 0 0 0 0 0
00008309_014.png 0 1 0 0 0 0 0 0 0 0 0 0 0 0
00002376_002.png 0 0 0 0 0 0 0 0 1 0 0 0 0 0
00011481_011.png 0 0 0 0 0 0 0 0 0 0 0 0 0 0
00021942_008.png 0 0 0 1 0 0 0 0 0 0 0 0 0 0
00005369_002.png 0 0 0 0 0 0 0 0 1 0 0 0 0 0
00003053_009.png 1 0 0 0 0 0 0 0 0 0 0 0 0 0
00018191_002.png 0 0 0 0 0 0 0 0 0 0 0 0 0 0
00022728_000.png 0 0 0 0 0 0 0 0 0 0 0 0 0 0
00003426_016.png 0 0 0 0 0 0 0 0 0 0 0 0 0 0
00029030_000.png 1 0 0 0 0 0 0 0 0 0 0 0 0 0
00002472_000.png 0 0 0 0 0 0 0 0 0 0 0 0 0 0
00006881_008.png 0 0 0 0 0 0 0 1 0 0 0 0 0 0
00006769_017.png 0 0 0 0 0 0 0 0 0 0 0 0 0 0
00027750_004.png 0 0 0 0 0 0 0 0 0 0 0 0 0 0
00013730_000.png 0 0 0 0 0 0 0 0 0 0 0 0 0 0
00003875_014.png 0 0 0 0 0 0 0 0 0 0 0 0 0 0
00011288_002.png 0 0 0 0 0 0 0 0 0 0 0 0 0 0
00005550_000.png 0 0 0 0 0 0 0 0 0 0 0 0 0 0
00027445_000.png 0 0 0 0 0 0 0 0 0 0 0 0 0 0
00018918_001.png 0 0 1 1 0 0 0 0 0 0 0 0 1 0
00010367_002.png 0 0 0 0 0 0 0 0 0 0 0 0 0 0
00025444_017.png 0 0 0 0 0 0 0 0 0 0 0 0 0 0
00017367_002.png 0 0 0 0 0 0 0 0 0 0 0 0 0 0
00020505_007.png 0 0 0 1 0 1 0 0 0 0 0 0 0 0
00020156_001.png 0 0 0 0 0 1 0 0 0 0 0 0 0 0
00013458_001.png 0 0 0 0 0 0 0 0 0 0 0 0 0 0
00030181_000.png 0 0 0 0 0 0 0 0 0 0 0 0 0 0
00019503_000.png 0 0 0 0 0 0 0 0 0 0 0 0 0 0
00013799_005.png 1 0 0 0 0 0 0 0 0 0 0 0 0 0
00028247_003.png 0 0 0 0 0 0 0 0 0 0 0 0 0 0
00002802_003.png 0 0 0 0 0 0 0 0 1 0 0 0 0 0
00004643_005.png 0 0 0 0 0 0 0 0 0 0 0 0 0 0
00009493_003.png 0 0 1 0 0 0 0 0 0 0 0 0 0 0
00009638_021.png 0 0 0 0 0 0 0 0 0 0 0 0 0 0
00011972_001.png 0 0 0 0 0 0 0 0 0 0 0 0 0 0
00003689_004.png 0 0 0 0 0 0 0 0 0 0 0 0 0 0
00007088_003.png 0 0 0 0 0 0 0 0 0 0 0 0 0 0
00010866_008.png 0 0 1 1 1 0 0 0 1 1 0 0 0 0
00007804_003.png 0 0 0 0 0 0 0 0 0 0 0 0 0 0
00027068_001.png 1 0 0 0 0 0 0 0 0 0 0 0 0 0
00003459_031.png 1 0 0 0 0 0 0 0 0 0 0 0 0 0
00007063_000.png 0 0 0 1 0 0 0 0 0 0 0 0 0 0
00000138_001.png 0 0 0 0 0 0 0 0 0 0 0 0 0 0
00018551_000.png 0 0 0 0 0 0 0 0 0 0 0 0 0 0
00020505_006.png 0 0 0 0 0 1 0 0 0 0 0 0 0 0
00021499_016.png 0 0 0 0 1 0 0 0 0 0 0 0 0 0
00013123_004.png 0 0 0 0 0 0 0 0 0 0 0 0 0 0
00001568_002.png 0 0 0 0 0 0 0 0 0 0 0 0 0 0
00010553_001.png 0 0 0 1 0 0 0 0 0 0 0 0 0 0
00012987_010.png 0 0 0 0 0 0 0 0 0 0 0 0 0 0
00012761_004.png 0 0 1 0 0 0 0 0 0 1 1 0 0 0
00020672_000.png 0 0 0 0 0 0 0 0 0 0 0 0 0 0
00003330_005.png 0 0 0 0 0 0 0 0 0 0 0 0 0 0
00010638_002.png 0 0 0 1 0 0 0 0 0 0 0 0 0 0
00011971_002.png 0 0 0 0 0 0 0 0 0 0 0 0 0 0
00030339_008.png 0 0 0 0 0 0 0 0 1 0 0 0 0 0
00008943_006.png 0 0 0 0 0 0 0 0 0 0 0 0 0 0
00019306_002.png 0 0 0 0 0 0 0 0 0 0 0 0 0 0
00005395_010.png 0 0 0 0 0 0 0 1 0 0 0 0 0 0
00026661_000.png 0 0 0 0 0 0 0 0 0 0 0 0 0 0
00010340_000.png 0 0 0 1 0 0 0 0 0 0 0 0 0 0
00006764_000.png 0 0 0 0 0 0 0 0 0 0 0 0 0 0
00012018_006.png 0 0 1 0 0 0 0 0 0 0 0 0 0 0
00006479_000.png 0 0 0 0 0 0 0 0 0 0 0 0 0 0
00003343_002.png 0 0 0 0 0 0 0 0 0 0 0 0 0 0
00002765_005.png 0 0 0 0 0 0 0 0 0 0 0 0 0 0
00007454_003.png 0 0 0 0 0 1 0 0 0 0 0 0 0 0
00013894_032.png 1 0 0 0 0 0 0 0 0 0 0 0 0 0
00028300_000.png 0 0 0 0 0 0 0 0 0 0 0 0 1 0
00013003_016.png 1 0 0 1 0 0 0 0 0 0 0 0 0 0
00019978_000.png 0 0 0 0 0 0 0 0 0 0 0 0 0 0
00005776_004.png 1 0 1 0 0 0 0 0 0 0 0 0 0 0
00021457_000.png 0 0 0 1 0 0 0 0 0 0 0 0 0 0
00013755_001.png 0 0 0 0 0 0 0 0 0 0 0 0 0 0
00018271_000.png 0 0 0 0 0 0 0 0 0 0 0 0 0 0
00012300_000.png 0 0 0 0 0 0 0 0 0 0 0 0 0 0
00023266_000.png 0 0 0 0 0 0 0 0 0 0 0 0 0 0
00026354_001.png 0 0 0 0 0 0 0 0 0 0 0 0 0 0
00022832_005.png 1 0 1 1 0 0 0 0 0 0 0 0 0 0
00019911_004.png 0 0 0 0 0 1 0 0 0 0 0 0 0 0
00003659_012.png 0 0 0 0 0 0 0 0 0 0 0 0 0 0
00001895_000.png 0 0 0 0 0 0 0 0 0 0 0 0 0 0
00019639_004.png 0 0 0 0 0 0 0 0 0 0 0 0 0 0
00014536_001.png 0 0 0 0 0 1 0 0 0 0 0 0 0 0
00011380_015.png 0 0 1 0 0 0 0 0 0 0 0 0 0 0
00001246_000.png 0 0 0 0 0 0 0 0 0 0 0 0 0 0
00004170_002.png 0 0 0 0 0 0 0 0 0 0 0 0 0 0
00010479_019.png 0 0 0 0 0 0 0 0 0 0 0 0 0 0
00028874_001.png 0 0 0 0 0 0 0 0 0 0 0 0 1 0
00029998_013.png 0 0 0 0 0 0 0 1 0 0 0 0 0 0
00001013_001.png 0 0 0 0 0 0 0 0 0 0 0 0 0 0
00012176_007.png 0 0 0 0 0 0 0 0 0 0 0 0 0 0
00028940_005.png 0 0 0 1 0 0 1 0 0 0 0 0 0 0
00001911_012.png 0 0 0 0 0 0 0 0 0 0 0 0 0 0
00007870_001.png 0 0 0 0 0 0 0 0 0 0 0 0 0 0
00021547_001.png 0 0 0 1 0 0 1 0 0 1 0 0 0 0
00025249_000.png 0 0 0 0 0 0 0 0 0 0 0 0 0 0
00020129_003.png 0 0 0 1 1 0 0 0 1 0 0 0 1 0
00012596_002.png 0 0 0 0 0 1 0 0 0 0 0 0 0 0
00008164_006.png 0 0 0 0 0 0 0 0 0 0 0 0 0 0
00029864_000.png 0 0 0 1 0 0 0 0 0 0 0 0 0 0
00019825_015.png 0 0 0 0 0 0 0 0 0 0 0 0 0 0
00022725_001.png 0 0 0 0 0 0 0 0 0 0 0 0 0 0
00004168_010.png 0 0 0 0 0 0 0 0 0 0 0 0 0 0
00021500_001.png 0 0 0 0 0 0 0 0 0 0 0 0 0 0
00015809_008.png 0 0 0 0 0 0 0 0 0 0 0 0 0 0
00018544_001.png 0 0 0 0 0 0 0 0 0 0 0 0 0 0
00015044_011.png 0 0 0 0 0 0 0 0 0 0 0 0 0 0
00014470_006.png 0 0 0 0 0 0 0 0 0 0 0 0 0 0
00004915_006.png 1 0 0 0 0 0 0 0 0 0 0 0 0 0
00007228_002.png 0 0 1 0 0 0 0 0 0 0 0 0 0 0
00014884_005.png 0 0 0 0 0 0 0 0 0 0 0 0 0 0
00018669_004.png 1 0 1 1 0 0 0 0 0 0 0 0 0 0
00022925_001.png 0 0 0 0 0 0 0 0 0 0 0 0 0 0
00012992_000.png 0 1 0 1 0 0 0 0 0 1 0 0 0 0
00018182_006.png 0 0 0 0 0 0 0 0 0 0 0 0 0 0
00026969_003.png 0 0 0 0 0 0 0 0 0 0 0 0 0 0
00001745_001.png 0 0 0 1 0 0 1 0 0 0 0 0 0 0
00020703_020.png 0 0 0 0 0 0 0 0 0 0 0 0 0 0
00004006_073.png 0 0 0 1 0 0 0 0 0 0 0 0 0 0
00014176_001.png 0 0 0 0 0 0 0 0 0 0 0 0 0 0
00011481_001.png 0 0 0 0 0 0 0 0 0 0 1 0 0 0
00014571_007.png 0 0 0 0 0 0 0 0 0 0 0 0 0 0
00005446_000.png 0 0 0 0 0 0 0 0 0 0 0 0 0 0
00018358_000.png 0 0 0 0 0 0 0 0 0 0 0 0 0 0
00024995_000.png 0 0 0 1 0 0 0 0 0 0 0 0 0 0
00000061_024.png 0 0 0 1 0 0 0 0 0 0 0 0 0 0
00026546_001.png 0 0 1 1 0 0 0 0 0 0 0 0 0 0
00021086_008.png 0 0 1 0 0 1 0 0 1 0 0 0 0 0
00018738_004.png 0 0 0 0 0 0 0 0 0 0 0 0 0 0
00002492_019.png 0 0 0 0 0 0 0 0 0 0 0 0 0 0
00008468_025.png 0 0 0 0 0 0 0 1 0 0 1 0 0 0
00025230_000.png 0 0 0 0 0 0 0 0 0 0 0 0 0 0
00016479_000.png 0 0 0 0 0 0 0 0 0 0 0 0 0 0
00023137_001.png 0 0 0 0 0 0 0 0 0 0 0 0 0 0
00020121_003.png 0 0 0 0 0 0 0 0 0 0 0 0 0 0
00002386_001.png 0 0 0 0 0 0 0 0 0 0 0 0 0 0
00009297_007.png 0 0 0 0 0 0 0 0 0 0 0 0 0 0
00012082_002.png 0 0 0 0 0 0 0 0 0 0 0 0 0 0
00026926_000.png 0 0 0 0 0 0 0 0 0 0 0 0 0 0
00006024_003.png 0 0 0 0 0 0 0 0 0 0 0 0 0 0
00012987_000.png 0 0 0 0 0 0 0 0 0 0 0 0 0 0
00019933_007.png 0 0 0 0 0 1 0 0 0 0 0 0 0 0
00022313_000.png 0 0 0 0 0 0 0 0 0 0 0 0 0 0
00005689_000.png 0 1 0 0 0 0 0 0 0 0 0 0 0 0
00001364_003.png 0 0 0 0 0 0 0 0 0 0 0 0 0 0
00010841_004.png 0 0 0 0 0 0 0 0 0 0 0 0 0 0
00007134_000.png 0 0 0 0 0 0 0 0 0 0 0 0 0 0
00014013_000.png 0 0 0 0 0 0 0 0 0 0 0 0 0 0
00027001_002.png 0 0 0 1 0 0 0 0 0 0 0 0 0 0
00000656_000.png 0 0 0 1 0 0 0 0 0 0 0 0 0 0
00027092_005.png 0 0 0 0 0 0 0 1 0 0 0 0 0 0
00018529_000.png 0 0 0 0 0 0 0 0 0 0 0 0 0 0
00004306_001.png 0 0 0 0 0 0 0 0 0 0 0 0 0 0
00005344_001.png 0 0 0 0 0 0 0 0 0 0 0 0 0 0
00021058_000.png 0 1 0 0 0 0 0 0 0 0 0 0 0 0
00005512_000.png 0 0 0 0 0 0 0 0 0 0 0 0 0 0
00006969_000.png 0 0 0 0 0 0 0 0 0 0 0 0 0 0
00023131_003.png 0 0 0 0 0 0 0 0 0 0 0 0 0 0
00013164_000.png 0 0 0 0 0 0 0 0 0 0 0 0 1 0
00024220_000.png 0 0 0 0 0 0 0 0 0 0 0 0 0 0
00012355_005.png 0 0 0 0 0 0 0 0 0 0 0 0 0 0
00018866_002.png 0 0 0 0 0 0 0 0 0 0 0 0 0 0
00022197_005.png 0 0 0 0 0 0 0 0 0 0 0 0 0 0
00021611_000.png 0 0 0 0 0 0 0 1 0 0 0 0 0 0
00011034_016.png 0 0 0 1 0 0 0 0 0 0 0 0 0 0
00020826_024.png 0 0 0 1 0 0 0 0 0 0 0 0 0 0
00027034_000.png 0 0 0 0 0 0 0 0 0 0 0 0 0 0
00006605_011.png 0 0 0 1 0 0 0 1 0 0 0 0 0 0
00017537_001.png 0 0 0 0 0 0 0 0 0 0 0 0 0 0
00008620_000.png 0 0 0 0 0 0 0 0 0 0 0 0 0 0
00024144_000.png 0 0 0 0 0 0 0 0 0 0 0 0 0 0
00006242_007.png 1 0 1 0 0 0 0 0 0 0 0 0 0 0
00003267_001.png 0 0 0 0 0 0 0 0 0 0 0 0 0 0
00012492_008.png 0 0 0 0 0 0 0 0 0 0 0 0 0 0
00018829_021.png 0 0 1 1 0 0 0 0 0 1 0 0 0 0
00015401_001.png 0 0 0 0 0 0 0 0 0 0 0 0 0 0
00024078_000.png 0 0 0 0 0 0 0 0 0 0 0 0 0 0
00012086_010.png 0 0 0 0 0 0 0 0 0 0 0 0 0 0
00000132_003.png 0 0 1 0 0 0 0 0 0 0 0 0 0 0
00012772_003.png 0 0 0 0 0 0 0 0 0 0 0 0 0 0
00013519_002.png 0 0 0 0 0 0 0 0 0 0 0 0 0 0
00029991_005.png 0 0 0 0 0 0 0 0 0 0 0 0 0 0
00029351_000.png 0 0 0 0 0 0 0 0 0 0 0 0 0 0
00022604_009.png 0 0 0 1 0 1 0 0 0 0 0 0 0 0
00006743_000.png 0 0 0 1 0 0 0 0 0 0 0 0 0 0
00020326_008.png 0 0 0 0 0 0 0 0 0 0 0 0 0 0
00026267_000.png 0 0 0 0 0 0 0 0 0 0 0 0 0 0
00022301_006.png 0 0 0 1 0 0 0 0 0 0 0 0 0 0
00015641_009.png 1 0 0 0 0 0 0 0 0 0 0 0 0 0
00015028_005.png 0 0 0 0 0 0 0 0 0 1 0 0 0 0
00027066_010.png 0 0 1 0 0 1 0 1 0 0 0 0 0 0
00026587_001.png 0 0 0 0 0 0 0 0 0 0 0 0 0 0
00017207_001.png 0 0 0 0 0 0 0 0 0 0 0 0 0 0
00020732_004.png 0 0 0 1 0 0 0 0 0 0 0 0 0 0
00014520_012.png 0 0 0 0 0 0 0 0 0 0 0 0 1 0
00008504_003.png 0 0 0 0 0 0 0 0 0 0 0 0 0 0
00010814_009.png 0 0 0 0 0 1 0 0 0 0 0 0 0 0
00028540_000.png 1 0 0 1 0 0 0 0 0 0 0 0 0 0
00017490_000.png 0 1 0 0 0 0 0 0 0 0 0 0 0 0
00010644_001.png 0 0 0 0 0 0 0 0 0 0 0 0 0 0
00018626_010.png 1 0 1 0 0 0 0 0 0 0 0 0 0 0
00002037_001.png 0 0 0 0 0 0 0 0 0 0 0 0 0 0
00014339_000.png 0 0 0 0 0 0 0 0 0 0 0 0 0 0
00017424_002.png 0 0 0 0 0 0 0 0 0 0 0 0 0 0
00017620_005.png 0 0 0 0 0 0 0 0 0 0 0 0 0 0
00006906_004.png 0 0 0 0 0 0 0 0 0 0 0 0 0 0
00022918_000.png 0 0 0 0 0 0 0 0 0 0 0 0 0 0
00001756_012.png 0 0 0 0 0 0 0 0 0 0 0 0 0 0
00005832_037.png 0 0 0 1 0 0 0 0 0 0 0 0 0 0
00023413_000.png 0 0 0 0 0 0 0 0 0 0 0 0 0 0
00030410_004.png 0 0 0 0 0 0 0 0 1 0 0 0 0 0
00015009_006.png 0 0 0 1 0 0 0 0 0 0 0 0 0 0
00004700_000.png 1 0 0 0 0 0 0 0 0 0 0 0 0 0
00020042_000.png 0 0 0 0 0 0 0 0 0 0 0 0 0 0
00004665_002.png 0 0 0 0 0 0 0 0 0 0 0 0 0 0
00025623_001.png 0 0 0 0 0 0 0 0 0 0 0 0 0 0
00020830_003.png 0 0 1 0 0 0 0 0 0 0 0 0 0 0
00000753_000.png 0 0 0 0 0 0 0 0 0 0 0 0 0 0
00006575_002.png 0 0 0 0 0 0 0 0 0 0 0 0 0 0
00018608_010.png 0 0 1 0 0 0 0 0 0 0 0 0 0 0
00006981_015.png 0 0 0 0 0 0 0 0 0 0 0 0 0 0
00003459_000.png 1 0 0 0 0 0 0 1 0 0 0 0 0 0
00021488_002.png 0 0 0 1 0 0 0 0 0 0 0 0 0 0
00011999_004.png 0 0 0 0 0 0 0 0 0 0 0 0 0 0
00015338_013.png 0 0 0 0 0 0 0 0 0 0 0 0 0 0
00018062_000.png 0 0 0 0 0 0 0 0 0 0 0 0 0 0
00003658_008.png 0 0 0 0 0 0 0 0 0 0 0 0 1 0
00014821_000.png 0 0 0 0 0 0 0 0 0 0 0 0 0 0
00026024_012.png 0 0 0 0 0 0 0 0 0 0 0 0 0 0
00017357_000.png 0 0 0 0 0 0 0 0 0 0 0 0 0 0
00014288_000.png 0 0 0 0 0 0 0 0 0 0 0 0 0 0
00022508_000.png 0 0 0 1 0 0 0 0 0 0 0 0 0 0
00026444_002.png 0 0 0 0 0 0 0 0 0 0 0 0 0 0
00001706_000.png 0 0 0 0 0 0 0 0 0 0 0 0 0 0
00003196_000.png 0 0 0 0 0 0 0 0 0 0 0 0 0 0
00010695_008.png 0 0 0 0 0 1 0 1 0 0 0 0 0 0
00012942_006.png 0 0 0 0 0 0 0 0 0 0 0 0 0 0
00010437_001.png 0 0 0 0 0 0 0 0 0 0 0 0 0 0
00004121_005.png 0 0 1 1 0 0 0 0 0 0 0 1 0 0
00019730_012.png 0 0 0 0 0 0 0 0 0 0 0 0 0 0
00004605_007.png 0 0 0 0 0 0 0 0 0 0 0 0 0 0
00004714_001.png 0 0 0 0 0 1 0 0 0 0 0 0 0 0
00020195_011.png 0 0 0 0 0 0 0 1 0 0 0 0 0 0
00007482_011.png 0 0 1 1 0 0 0 0 0 0 0 0 0 0
00013564_001.png 0 0 0 0 0 0 0 0 0 0 0 0 0 0
00001367_006.png 0 0 0 0 0 0 0 0 0 0 0 0 0 0
00002140_004.png 1 0 0 0 0 0 0 0 0 0 0 0 1 0
00014618_004.png 0 0 0 1 0 0 0 0 0 1 0 0 0 0
00002608_000.png 0 0 0 0 0 0 0 0 0 0 0 0 0 0
00013236_001.png 0 0 0 0 0 0 0 0 0 0 0 0 0 0
00016318_001.png 0 0 0 0 0 0 0 0 0 0 0 0 0 0
00017070_004.png 0 0 0 0 0 0 0 0 0 0 0 0 0 0
00019576_046.png 0 0 0 1 0 0 0 0 0 0 0 0 0 0
00006642_002.png 1 0 0 1 0 1 0 1 0 0 1 0 0 0
00011065_002.png 0 0 0 0 0 0 0 0 0 0 1 0 0 0
00025862_001.png 0 0 0 0 0 0 0 0 0 0 0 0 0 0
00018681_004.png 0 0 0 0 0 0 0 0 0 0 0 0 0 0
00008081_000.png 0 0 0 0 0 0 0 0 0 0 0 0 0 0
00007620_029.png 0 0 0 1 0 0 0 0 0 0 0 0 0 0
00007865_004.png 1 0 0 0 0 0 0 0 0 0 1 0 0 0
00003596_005.png 0 0 1 0 0 0 0 0 0 0 0 0 0 0
00010905_001.png 0 0 0 1 0 0 0 0 1 0 0 0 0 0
00023103_004.png 0 0 0 0 0 0 0 0 0 0 0 0 0 0
00029679_000.png 1 0 0 0 0 0 0 0 0 0 0 0 0 0
00006517_000.png 0 0 0 0 0 0 0 0 0 0 0 0 0 0
00010585_015.png 0 0 1 0 0 0 0 0 0 0 0 0 0 0
00021041_003.png 0 0 1 0 1 0 0 0 0 0 0 0 0 0
00011551_000.png 0 0 0 0 0 0 0 0 0 0 0 0 0 0
00020983_007.png 0 0 0 0 0 0 0 0 0 0 0 0 0 0
00011598_024.png 0 0 0 0 0 0 0 0 0 0 0 0 0 0
00000459_051.png 0 0 0 1 0 1 0 0 0 1 0 0 0 0
00021246_000.png 0 0 0 0 0 0 0 0 0 0 0 0 1 0
00012952_009.png 0 0 0 0 0 0 0 0 0 0 0 0 0 0
00026785_008.png 0 0 0 1 0 0 0 0 0 0 0 0 0 0
00007114_003.png 0 0 0 0 0 0 0 0 0 0 0 0 0 0
00003423_017.png 0 0 0 0 1 1 0 0 0 0 0 0 1 0
00020099_000.png 0 0 0 0 0 0 0 0 0 0 0 0 0 0
00015662_001.png 0 0 0 0 0 0 0 0 0 0 0 0 0 0
00030059_009.png 0 1 1 0 0 0 0 0 0 0 0 0 0 0
00013555_006.png 0 0 0 0 0 0 0 0 0 0 0 0 0 0
00019261_000.png 0 0 0 0 0 0 0 0 0 0 0 0 0 0
00011379_027.png 0 0 0 0 0 0 0 0 0 0 0 0 0 0
00020827_006.png 0 0 0 0 0 0 0 0 0 0 0 0 0 0
00013623_009.png 0 0 0 0 0 0 0 0 0 0 0 0 0 0
00009034_003.png 0 0 0 0 0 0 0 0 0 0 0 0 0 0
00017572_000.png 1 0 0 1 0 0 0 0 0 0 0 0 0 0
00022245_007.png 0 0 0 0 0 0 0 0 0 0 0 0 0 0
00005003_001.png 0 0 0 1 0 0 0 0 0 0 0 0 0 0
00010768_006.png 0 0 0 0 0 0 0 0 0 0 0 0 0 0
00017424_020.png 0 0 0 1 0 0 0 0 0 0 0 0 0 0
00028544_015.png 0 0 0 0 0 0 0 1 0 0 0 0 0 0
00016348_005.png 0 0 0 0 0 0 0 0 0 0 0 0 0 0
00028829_001.png 0 0 0 0 0 0 0 0 0 0 0 0 0 0
00013386_006.png 0 0 0 0 0 0 0 0 0 0 0 0 0 0
00013342_005.png 0 0 0 1 0 0 0 0 0 0 0 0 0 0
00001074_000.png 0 0 0 0 0 0 0 0 0 0 0 0 0 0
00018011_015.png 0 0 0 0 0 0 0 0 0 0 0 0 0 0
00012414_017.png 0 0 0 0 0 0 0 0 0 0 0 0 0 0
00000411_000.png 0 0 0 1 0 0 0 0 0 0 0 0 0 0
00002280_006.png 0 0 0 0 0 0 0 0 0 0 0 0 0 0
00023017_000.png 0 0 0 0 0 0 0 0 0 0 0 0 0 0
00012907_010.png 0 0 0 0 0 0 0 0 0 0 0 0 0 0
00010530_017.png 0 0 1 0 0 0 0 0 0 0 0 0 0 0
00016023_004.png 0 0 0 0 0 0 0 0 0 0 0 0 0 0
00010035_002.png 0 0 0 0 0 0 0 0 0 0 0 0 0 0
00008594_011.png 0 0 0 1 0 0 0 0 0 0 0 0 0 0
00011395_000.png 0 0 0 0 0 0 0 0 0 0 0 0 0 0
00006252_009.png 0 0 0 1 0 0 0 0 0 0 0 0 0 0
00004542_005.png 1 0 0 1 0 0 0 0 0 0 0 0 0 0
00001872_009.png 0 0 0 0 0 0 0 0 0 0 0 0 0 0
00013934_000.png 1 0 0 0 0 0 0 0 0 0 0 0 0 0
00020059_001.png 0 0 0 1 0 0 0 0 0 0 0 0 0 0
00001605_002.png 0 0 0 0 0 0 0 0 1 0 0 1 0 0
00029297_002.png 1 0 1 0 0 0 0 0 0 0 0 0 0 0
00016634_004.png 0 0 0 0 0 0 0 0 0 0 0 0 0 0
00006039_004.png 0 0 1 0 0 0 0 0 1 0 0 0 0 0
00004105_000.png 0 0 0 0 0 0 0 0 0 0 0 0 0 0
00013336_000.png 0 0 0 0 0 0 0 0 0 0 0 0 0 0
00014732_005.png 0 0 0 1 0 0 0 0 0 0 0 0 0 0
00018866_003.png 0 0 0 0 0 0 0 0 0 0 0 0 0 0
00007896_006.png 0 0 0 1 0 0 0 0 0 0 0 0 0 0
00009117_008.png 0 0 0 1 0 0 0 0 0 0 0 0 0 0
00006054_001.png 0 0 0 0 0 0 0 0 0 0 0 0 0 0
00026320_003.png 1 0 0 0 0 0 0 0 0 0 0 0 0 0
00016685_000.png 0 0 0 0 0 1 0 0 0 0 0 0 0 0
00025849_047.png 0 0 0 0 0 0 0 0 0 0 0 0 0 0
00023353_000.png 0 0 0 0 0 0 0 0 0 0 0 1 0 0
00012311_000.png 0 0 0 0 0 0 0 0 0 0 0 0 0 0
00007404_004.png 0 0 0 0 0 0 0 0 0 0 0 0 0 0
00011654_009.png 0 0 0 0 0 0 0 0 0 0 0 0 0 0
00022166_004.png 0 0 0 0 0 0 0 0 0 0 0 0 0 0
00013340_000.png 0 0 0 0 0 0 0 0 0 0 0 0 0 0
00015344_002.png 0 0 0 0 0 0 0 0 0 0 0 0 0 0
00005403_018.png 1 0 0 0 0 0 0 0 0 0 0 0 0 0
00021435_000.png 0 0 1 1 0 0 0 0 0 0 0 0 0 0
00003468_007.png 0 0 0 0 0 0 0 1 0 0 0 0 0 0
00006411_001.png 0 0 0 0 0 0 0 0 0 0 0 0 0 0
00010365_004.png 0 0 0 1 0 0 0 0 0 0 0 0 0 0
00018057_000.png 0 0 0 0 0 0 0 0 0 0 0 0 0 0
00027403_000.png 0 0 0 0 0 0 0 0 0 0 0 0 0 1
00016678_002.png 0 0 0 0 0 0 0 0 0 0 0 0 0 0
00004118_000.png 0 0 0 0 0 0 0 0 0 0 0 0 0 0
00017973_001.png 0 0 0 0 0 0 0 0 0 0 0 0 0 0
00000676_004.png 0 0 0 0 0 0 0 0 0 0 0 1 0 0
00011967_003.png 0 0 1 0 0 0 0 0 0 0 0 0 0 0
00026167_009.png 0 0 1 0 0 0 0 0 0 0 0 0 0 0
00005759_006.png 0 0 1 0 0 0 0 0 0 0 0 0 0 0
00020703_015.png 0 0 0 0 1 0 0 0 0 0 0 0 0 0
00016800_002.png 0 0 0 1 0 0 0 0 0 0 0 0 0 0
00011884_002.png 0 0 0 0 0 0 0 0 0 0 0 0 0 0
00029805_002.png 1 1 0 0 0 0 0 0 1 0 0 0 0 0
00017409_004.png 0 0 0 0 0 0 0 0 0 0 0 0 0 0
00016922_000.png 0 0 0 0 0 0 0 0 0 0 0 0 0 0
00005079_018.png 0 0 0 0 0 0 0 0 0 0 0 0 0 0
00010659_000.png 0 0 0 0 0 0 0 0 0 0 0 0 0 0
00021581_000.png 0 0 0 0 1 0 0 0 0 0 0 0 0 0
00001206_001.png 0 0 1 0 0 0 0 0 0 0 0 0 0 0
00027660_000.png 0 0 0 0 0 0 0 0 0 0 0 0 0 0
00014790_015.png 0 0 0 0 0 0 0 0 0 0 0 0 0 0
00010170_001.png 0 0 0 0 0 0 0 0 0 0 0 0 0 0
00002952_003.png 0 0 0 0 0 0 0 0 0 0 0 0 0 0
00021192_000.png 0 0 0 0 0 0 0 0 0 0 0 0 0 0
00013630_000.png 0 0 0 0 0 0 0 0 0 0 0 0 0 0
00018541_003.png 0 0 0 0 0 0 0 0 0 0 0 0 0 0
00005470_003.png 0 0 0 0 0 0 0 0 0 0 0 0 0 0
00006361_001.png 0 0 0 0 0 1 0 0 0 0 0 0 0 0
00002112_004.png 0 0 1 0 0 0 0 0 0 0 0 0 0 0
00001770_000.png 0 0 0 0 0 0 0 0 0 0 0 0 0 0
00013768_000.png 0 0 0 0 0 0 0 0 0 0 0 0 0 0
00022776_000.png 0 0 0 1 0 0 0 0 0 0 0 0 0 0
00005450_000.png 0 0 0 0 0 0 0 0 0 0 0 0 0 0
00004544_000.png 0 0 0 0 0 0 0 0 0 0 0 0 0 0
00010695_012.png 1 0 0 0 0 0 1 0 0 0 0 0 0 0
00026216_001.png 0 0 0 0 0 0 0 0 0 0 0 0 0 0
00006215_005.png 0 0 0 0 0 0 0 0 0 0 0 0 0 0
00017726_002.png 0 0 0 0 0 0 0 0 0 0 0 0 0 0
00020652_007.png 0 0 0 0 0 0 0 0 0 0 0 0 0 0
00016900_005.png 0 0 0 0 0 0 0 0 0 0 0 0 0 0
00026374_004.png 0 0 0 0 0 0 1 0 0 0 0 0 0 0
00019056_011.png 0 0 0 1 0 1 0 0 0 0 0 0 0 0
00030030_006.png 0 0 0 0 0 0 0 0 0 0 0 0 0 0
00006985_009.png 0 0 0 0 0 0 0 0 0 0 0 1 0 0
00018829_013.png 0 0 1 0 0 0 0 0 0 0 0 0 0 0
00004626_001.png 0 0 0 0 0 0 0 0 0 0 0 0 0 0
00022590_000.png 0 0 0 1 0 0 0 0 0 0 0 0 0 0
00018534_001.png 0 0 0 0 0 0 0 0 0 0 0 0 0 0
00012632_000.png 0 0 0 0 0 1 0 0 0 0 0 0 0 0
00001570_001.png 0 0 0 0 0 0 0 0 0 0 0 0 0 0
00016882_002.png 0 0 0 0 0 0 0 0 0 0 0 0 0 0
00009966_002.png 0 1 1 0 0 0 0 0 0 0 0 0 0 0
00020185_001.png 0 0 0 0 0 0 0 0 0 0 0 0 0 0
00020244_000.png 0 0 0 1 0 0 0 0 0 0 0 0 0 0
00010726_004.png 0 0 0 0 0 0 0 0 0 0 0 0 0 0
00016512_000.png 0 0 0 0 0 0 0 0 0 0 0 0 0 0
00004646_007.png 0 0 0 0 0 0 0 0 0 1 0 0 0 0
00016772_014.png 1 0 0 1 0 0 0 0 1 0 0 0 0 0
00026654_001.png 0 0 0 0 0 0 0 0 0 0 0 0 0 0
00016332_000.png 1 0 0 0 0 0 0 0 0 0 0 0 0 0
00002815_002.png 0 0 0 0 0 0 0 0 0 0 0 0 0 0
00018096_000.png 0 0 0 0 0 0 0 0 0 0 0 0 0 0
00012485_002.png 0 0 0 0 0 0 0 0 0 0 0 0 0 0
00008578_000.png 0 0 0 0 0 0 0 0 0 0 0 0 0 0
00005722_016.png 0 0 0 1 0 0 0 0 0 0 0 0 0 0
00020703_006.png 0 0 0 0 1 0 0 0 0 0 0 0 0 0
00004194_000.png 0 0 0 0 0 0 0 0 0 0 0 0 0 0
00009676_002.png 0 0 0 0 0 0 0 0 0 0 0 0 1 0
00001037_000.png 0 0 0 0 0 0 0 0 0 0 0 0 0 0
00002356_008.png 0 0 0 0 0 0 0 0 0 0 0 0 0 0
00015066_000.png 0 0 1 0 1 0 0 0 0 0 0 0 0 0
00011033_002.png 0 0 0 1 0 1 0 0 0 0 0 0 0 0
00005828_001.png 0 0 0 0 0 0 0 0 0 0 0 0 0 0
00027899_000.png 0 0 0 0 0 0 0 0 0 0 0 0 0 0
00009361_016.png 0 0 0 0 0 0 0 0 0 0 0 0 0 0
00003209_001.png 0 0 0 0 0 0 0 0 0 0 0 0 0 0
00027225_000.png 0 0 0 0 0 0 0 0 0 0 0 0 0 0
00009453_002.png 0 0 0 0 0 0 0 0 0 0 0 0 0 0
00029919_009.png 0 0 0 0 0 0 0 0 0 0 0 0 0 0
00009918_006.png 0 0 0 0 0 0 0 0 0 0 0 0 0 0
00010608_002.png 0 0 0 0 0 0 0 0 0 0 0 0 0 0
00014820_001.png 0 0 0 0 0 0 0 0 0 0 0 0 0 0
00006703_002.png 1 0 0 1 0 0 0 0 0 0 0 0 0 0
00000143_009.png 1 0 0 0 0 0 0 0 0 0 0 0 0 0
00012543_009.png 0 0 0 0 0 0 0 0 0 0 0 0 0 0
00006605_017.png 0 0 0 1 0 0 0 1 0 0 1 0 0 0
00005993_004.png 0 0 0 0 0 0 0 0 0 0 0 0 0 0
00026374_007.png 0 0 0 0 0 0 0 0 0 0 0 0 0 0
00011396_002.png 0 0 0 0 0 0 0 0 0 0 0 0 0 0
00007848_002.png 0 0 0 0 0 0 0 0 0 0 0 0 0 0
00005167_000.png 0 0 0 0 0 0 0 0 0 0 1 0 0 0
00001237_000.png 0 0 0 0 0 0 0 0 0 0 0 0 0 0
00006043_009.png 0 0 1 0 0 0 0 0 0 0 0 0 0 0
00000721_000.png 0 0 0 0 0 1 0 0 0 0 0 0 0 0
00016306_000.png 1 0 0 0 0 0 0 0 0 0 0 0 0 0
00010790_005.png 0 0 0 1 0 0 1 0 0 1 0 0 0 0
00030214_001.png 0 0 1 0 0 0 0 0 0 0 0 0 0 0
00014596_004.png 0 0 1 0 0 0 0 0 0 0 0 0 0 0
00000766_016.png 0 0 1 1 0 0 0 0 0 0 0 0 0 0
00007824_000.png 0 0 0 0 0 0 0 0 0 0 0 0 0 0
00012010_026.png 0 0 0 1 0 0 0 0 0 0 0 0 0 0
00002415_001.png 0 0 0 0 0 0 0 0 0 0 0 0 0 0
00005853_004.png 0 0 0 0 0 0 0 0 0 0 0 0 0 0
00019144_006.png 0 0 0 1 0 0 0 0 0 0 0 0 0 0
00025626_000.png 0 0 0 1 0 0 0 0 0 0 0 0 0 0
00005348_016.png 1 0 0 1 0 0 0 0 0 0 0 0 0 0
00002971_000.png 0 0 0 0 0 0 0 0 0 0 0 0 0 0
00021838_002.png 0 0 0 0 0 0 0 0 0 0 0 0 0 0
00020390_000.png 0 0 0 0 0 1 0 0 0 0 0 0 0 0
00016484_018.png 0 1 0 0 0 0 0 0 0 0 0 0 0 0
00024807_000.png 0 0 0 0 0 0 0 0 0 0 0 0 0 0
00005113_001.png 0 0 0 0 0 0 0 0 0 0 1 0 0 0
00020580_002.png 0 0 0 0 1 0 0 0 1 0 0 0 0 0
00023596_004.png 0 0 0 0 0 0 0 0 0 0 0 0 0 0
00010188_008.png 1 0 0 0 0 0 0 0 0 0 0 0 0 0
00002023_002.png 0 0 0 0 0 0 0 0 0 0 0 0 0 0
00025381_007.png 0 0 0 0 0 0 0 0 0 0 0 0 0 0
00013616_028.png 0 0 0 1 0 0 0 0 0 0 0 0 0 0
00020908_005.png 0 0 0 0 0 0 0 0 0 0 0 0 0 0
00001483_017.png 0 0 0 0 0 0 0 0 0 0 0 0 0 0
00002833_000.png 0 0 0 0 0 0 0 0 1 0 0 0 0 0
00022014_001.png 1 0 0 0 0 0 0 0 0 0 0 0 0 0
00018237_008.png 0 0 0 0 0 0 0 0 0 0 0 0 0 0
00019381_000.png 0 0 0 0 0 0 0 0 0 0 0 0 0 0
00005069_011.png 0 0 0 1 0 0 0 0 0 0 0 0 0 0
00022642_000.png 0 0 0 1 0 1 0 0 0 0 0 0 0 0
00020191_003.png 0 0 1 0 0 0 0 0 0 0 0 0 0 0
00003407_003.png 0 0 0 0 0 0 0 0 0 0 0 0 0 0
00003672_001.png 0 0 0 0 0 0 0 0 0 0 0 0 0 0
00014530_002.png 0 0 0 1 0 0 0 0 0 0 0 0 0 0
00006738_001.png 0 0 0 0 0 0 0 0 0 0 0 0 0 0
00003076_001.png 0 0 0 0 0 0 0 0 0 0 0 0 0 0
00005832_030.png 0 0 0 1 0 0 0 0 0 0 0 0 0 0
00012447_000.png 1 0 0 0 0 0 0 0 0 0 1 0 0 0
00029865_003.png 0 0 0 0 0 0 0 0 0 0 1 0 0 0
00026870_001.png 0 0 0 0 0 0 0 0 0 0 0 0 0 0
00014660_000.png 0 0 0 0 0 0 0 0 0 0 0 0 0 0
00017398_000.png 0 0 0 0 0 0 0 0 0 0 0 0 0 0
00025849_009.png 1 0 0 1 0 0 0 0 0 0 0 0 0 0
00013318_001.png 1 0 0 0 0 0 0 0 1 0 0 0 0 0
00020652_017.png 0 0 0 0 0 0 0 1 0 0 0 0 0 0
00023775_000.png 0 0 0 0 0 0 0 0 0 0 0 0 0 0
00019559_000.png 0 0 0 0 0 0 0 0 0 0 0 0 0 0
00004641_001.png 0 0 0 0 0 0 0 0 0 0 0 1 0 0
00005381_000.png 1 0 0 0 0 0 0 0 0 0 0 0 0 0
00027038_006.png 1 0 0 1 0 0 0 0 0 0 0 0 0 0
00009875_000.png 0 0 0 0 0 1 0 0 0 0 0 0 0 0
00019551_003.png 0 0 0 0 0 0 0 0 0 0 0 0 0 0
00020540_000.png 0 0 0 1 0 0 0 0 0 0 0 0 0 0
00010475_021.png 0 0 1 0 0 0 0 0 0 0 0 0 0 0
00018765_004.png 0 0 0 1 0 0 0 0 0 0 0 0 0 0
00015355_003.png 0 0 0 0 0 0 0 0 0 0 0 0 0 0
00020644_000.png 0 0 0 0 1 0 0 0 0 0 0 0 0 0
00018117_005.png 0 0 0 0 0 0 0 1 0 0 0 0 0 0
00018903_006.png 0 0 0 0 0 0 0 0 0 0 0 0 0 0
00004435_005.png 0 0 0 0 0 0 0 0 0 1 0 0 0 0
00014098_000.png 0 0 0 0 0 0 0 0 0 0 0 0 0 0
00019403_000.png 0 0 0 0 0 0 0 0 0 0 0 0 0 0
00014094_002.png 0 0 0 0 0 1 0 0 0 0 0 0 0 0
00011575_002.png 0 0 0 0 0 0 0 0 0 0 0 0 0 0
00017048_000.png 0 0 0 0 0 0 0 0 0 0 0 0 0 0
00006925_008.png 0 0 0 0 0 0 0 0 0 0 0 0 0 0
00021732_000.png 0 0 0 0 0 0 0 0 0 0 0 0 0 0
00003135_000.png 0 0 0 0 0 0 0 0 0 0 0 0 0 0
00004168_008.png 0 0 0 0 0 0 0 0 0 0 0 0 0 0
00003887_000.png 0 0 0 1 0 0 0 0 0 0 0 0 0 0
00004307_001.png 0 0 0 0 0 0 0 0 0 0 0 0 0 0
00019633_000.png 0 0 0 0 0 0 0 0 0 0 0 0 0 0
00004517_006.png 0 0 0 1 0 0 0 0 0 0 0 0 0 0
00016968_000.png 0 0 0 0 0 0 0 0 0 0 0 0 0 0
00005995_005.png 0 0 0 1 0 0 0 0 0 0 0 0 0 0
00027355_002.png 0 0 0 0 0 0 0 0 0 0 0 0 0 0
00002787_000.png 0 0 0 0 0 0 0 0 0 0 0 0 0 0
00029933_002.png 0 0 0 0 0 0 0 0 0 0 0 0 0 0
00027673_000.png 0 0 0 1 0 0 0 0 0 0 0 0 0 0
00027676_000.png 0 0 0 1 0 0 0 0 0 0 0 0 0 0
00014879_001.png 0 0 0 1 0 0 0 1 0 0 0 0 1 0
00005722_026.png 0 0 1 1 1 0 0 0 0 0 0 0 0 0
00018626_014.png 0 0 1 0 0 0 0 0 0 0 0 0 0 0
00016074_008.png 1 0 1 0 0 0 0 0 0 0 0 0 0 0
00019201_005.png 0 0 0 0 0 0 0 0 0 0 0 0 0 0
00002381_001.png 0 0 0 0 0 0 0 0 0 0 0 0 0 0
00014089_002.png 0 0 0 0 1 0 0 0 0 0 0 0 0 0
00015985_000.png 0 0 1 0 1 1 0 0 0 0 0 0 1 0
00004857_038.png 0 0 0 0 0 0 0 0 0 0 0 0 0 0
00029138_000.png 1 0 0 0 0 0 0 0 0 0 0 0 0 0
00024030_000.png 0 0 0 0 0 0 0 0 0 0 0 0 0 0
00009720_003.png 0 0 0 0 0 0 0 0 0 0 0 0 0 0
00006996_003.png 0 0 1 0 0 0 0 0 0 0 0 0 0 0
00022185_004.png 0 0 0 0 0 0 0 0 0 0 0 0 0 0
00010314_008.png 0 0 0 1 0 0 0 0 0 0 0 0 0 0
00005079_001.png 0 0 0 0 0 0 0 0 0 0 0 0 0 0
00015900_001.png 0 0 0 0 0 0 0 0 0 0 0 0 0 0
00027345_000.png 0 0 0 1 0 0 0 0 0 0 0 0 0 0
00016778_004.png 0 0 1 0 0 0 0 0 0 0 0 0 0 0
00005400_003.png 0 0 0 0 0 0 0 0 1 0 0 0 0 0
00012615_001.png 0 0 1 0 0 0 0 0 0 1 0 0 0 0
00028765_026.png 0 0 1 1 0 0 0 0 0 0 0 0 0 0
00010384_015.png 0 0 0 1 0 0 0 1 0 0 0 0 0 0
00019521_004.png 0 0 0 0 0 0 0 0 0 0 0 0 0 0
00027628_000.png 0 0 0 0 0 0 0 0 0 0 0 0 0 0
00027365_003.png 0 0 0 0 0 0 0 0 0 0 0 0 0 0
00001255_009.png 0 0 0 1 0 1 0 0 0 0 0 0 0 0
00012096_001.png 0 0 0 1 0 0 0 0 0 0 0 0 0 0
00008097_000.png 0 0 0 0 0 0 0 0 0 0 0 0 0 0
00012348_002.png 0 0 0 0 0 0 0 0 0 0 0 0 0 0
00013936_001.png 0 0 0 1 0 0 0 0 0 0 0 0 0 0
00015399_002.png 0 0 0 0 0 0 0 0 0 0 0 0 0 0
00015942_002.png 0 0 0 0 0 0 0 0 0 1 0 0 0 0
00000315_004.png 0 0 0 0 0 0 0 0 0 0 0 0 0 0
00008161_000.png 0 0 0 1 0 0 0 0 0 0 0 0 0 0
00006521_002.png 0 0 0 0 0 0 0 0 0 0 0 0 0 0
00028038_000.png 0 0 0 0 0 0 0 0 0 0 0 0 0 0
00018198_000.png 0 0 0 0 0 0 0 0 0 0 0 0 0 0
00003250_000.png 0 0 0 0 0 0 0 0 0 0 0 0 0 0
00006462_004.png 0 0 0 0 0 0 0 0 0 0 0 0 0 0
00001463_000.png 0 0 0 0 0 0 0 0 0 0 0 1 0 0
00004196_004.png 0 0 0 1 0 0 0 0 0 0 0 0 0 0
00025848_000.png 0 0 1 0 1 1 0 0 0 0 0 0 0 0
00009877_002.png 0 0 0 1 0 0 0 0 0 0 0 0 0 0
00017133_013.png 1 0 0 1 0 0 0 0 0 0 0 0 0 0
00019087_032.png 0 0 1 1 0 0 0 0 0 0 0 0 0 0
00020652_008.png 0 0 0 0 0 0 0 0 0 0 0 0 0 0
00015456_000.png 0 0 0 0 0 0 0 0 0 0 0 0 0 0
00007098_003.png 0 0 0 0 0 0 0 0 0 0 0 0 0 0
00016860_002.png 0 0 0 0 0 0 0 0 0 0 0 0 0 0
00014044_000.png 0 0 1 0 0 0 0 0 1 0 0 0 0 0
00014618_005.png 0 0 1 0 0 0 0 0 0 1 0 0 0 0
00028131_008.png 0 0 0 0 0 0 0 0 0 0 0 0 0 0
00003868_003.png 0 0 0 0 0 0 0 0 0 0 0 0 0 0
00002425_005.png 0 0 0 0 0 0 0 0 0 0 0 0 0 0
00007023_008.png 0 0 0 1 0 0 0 0 0 0 0 0 0 0
00007098_004.png 0 0 0 0 0 0 0 0 0 0 0 0 0 0
00002328_000.png 0 0 0 0 0 0 0 0 0 0 0 0 0 0
00003709_003.png 1 0 0 0 0 0 0 1 0 0 0 0 0 0
00012286_000.png 0 0 0 0 0 0 0 0 0 0 0 0 0 0
00020162_000.png 0 0 0 0 0 0 0 0 0 0 0 0 0 0
00019246_002.png 0 0 0 0 0 0 0 0 0 0 0 0 0 0
00022366_001.png 0 0 0 0 0 0 0 0 0 0 0 0 0 0
00018785_001.png 0 0 0 0 0 1 0 0 0 0 0 0 0 0
00012341_002.png 0 0 0 0 0 0 0 0 0 0 0 0 0 0
00009899_002.png 1 0 1 0 0 0 0 0 0 0 0 0 0 0
00024684_000.png 0 0 0 0 0 0 0 0 0 0 0 0 0 0
00005365_002.png 1 0 0 0 0 0 0 0 0 0 0 0 0 0
00015643_002.png 0 0 0 0 0 1 0 0 0 0 0 0 0 0
00019550_001.png 0 0 0 1 0 0 0 0 0 0 0 0 0 0
00005206_000.png 0 0 0 0 0 0 0 0 0 0 0 0 0 0
00012797_000.png 0 0 0 0 0 0 0 0 0 0 0 0 0 0
00022431_000.png 0 0 0 1 0 0 0 0 0 0 0 0 0 0
00025656_007.png 0 0 0 0 0 0 0 0 0 0 0 0 0 0
00013917_029.png 0 0 1 0 0 0 0 0 0 0 0 0 0 0
00002117_004.png 0 0 0 0 0 0 0 0 0 0 0 0 0 0
00010123_002.png 0 0 0 0 0 0 0 1 0 0 0 0 0 0
00018000_000.png 0 0 0 0 0 0 0 0 0 0 0 0 0 0
00002521_000.png 0 0 0 0 0 0 0 0 0 0 0 0 0 0
00000385_005.png 0 0 0 1 0 0 0 0 0 0 0 0 0 0
00009323_001.png 0 0 0 0 0 0 0 0 0 0 0 0 0 0
00013616_000.png 0 0 0 0 0 0 0 0 0 0 0 0 0 0
00009641_013.png 0 0 1 0 0 0 0 0 0 0 0 0 0 0
00006272_003.png 0 0 0 0 0 0 0 0 0 0 0 0 0 0
00011604_000.png 0 0 0 0 0 0 0 0 0 0 0 0 0 0
00013036_026.png 0 0 0 0 0 0 0 0 0 0 0 0 0 0
00014799_000.png 0 0 0 0 0 0 0 0 0 0 0 0 0 0
00005638_000.png 0 0 0 0 0 0 1 0 0 0 0 0 0 0
00000389_000.png 0 0 0 0 0 0 0 0 0 0 0 0 0 0
00023079_001.png 0 0 0 0 0 0 0 0 0 0 0 0 0 0
00019576_042.png 0 0 0 0 0 0 0 0 0 0 0 0 0 0
00007900_001.png 1 0 0 1 0 0 0 0 0 0 0 0 0 0
00005963_026.png 0 0 0 1 0 0 0 0 0 0 0 0 0 0
00017362_018.png 0 1 1 1 0 0 0 0 0 0 0 0 0 0
00025960_000.png 0 0 0 0 0 0 0 0 0 0 0 0 0 0
00023250_001.png 0 0 0 0 0 0 0 0 0 0 0 0 0 0
00027472_001.png 0 0 0 0 0 0 0 0 0 0 0 0 0 0
00016099_002.png 1 0 0 0 0 0 0 0 0 0 0 0 0 0
00003367_003.png 0 0 0 0 0 0 0 0 0 0 0 0 0 0
00018044_036.png 0 0 0 0 0 0 0 0 0 0 0 0 0 0
00001986_007.png 0 0 0 0 0 0 0 0 0 0 0 0 0 0
00019849_000.png 0 0 0 0 0 0 0 0 0 0 0 0 0 0
00000900_001.png 0 0 0 0 0 0 0 0 0 0 1 0 0 0
00020996_000.png 0 0 0 0 0 0 0 0 0 0 0 0 0 0
00003547_002.png 0 0 0 1 0 1 0 0 0 0 0 0 0 0
00014118_000.png 0 0 0 0 0 0 0 0 0 0 0 0 0 0
00028903_002.png 0 0 0 1 0 0 0 0 0 0 0 0 0 0
00019525_000.png 0 0 0 0 0 0 0 0 0 0 0 0 0 0
00028695_000.png 0 0 0 1 0 0 0 0 0 0 0 0 0 0
00018362_021.png 0 0 0 0 0 0 0 0 0 0 0 1 0 0
00018972_057.png 0 0 0 0 0 0 0 0 0 1 0 0 0 0
00013041_000.png 0 0 0 0 0 0 0 0 0 0 0 0 0 0
00005403_019.png 0 0 0 1 0 0 0 0 0 0 0 0 0 0
00018400_000.png 0 0 0 0 1 0 0 0 0 0 0 0 0 0
00001018_006.png 0 0 0 0 0 0 0 0 0 0 0 0 0 0
00014639_000.png 0 0 0 0 0 0 0 0 0 0 0 0 0 0
00007712_001.png 0 0 0 0 0 0 0 0 0 0 0 0 0 0
00021006_028.png 0 0 0 0 0 0 0 0 0 0 0 0 0 0
00016480_008.png 1 0 0 0 0 0 0 0 0 0 0 0 1 0
00004007_001.png 0 0 0 0 0 0 0 0 0 0 0 0 0 0
00019878_001.png 0 0 0 0 0 0 0 0 0 0 0 0 0 0
00004971_000.png 0 0 0 0 0 1 0 0 0 0 0 0 0 0
00011021_023.png 0 0 0 0 0 0 0 0 0 0 0 0 0 0
00019823_005.png 0 0 0 0 1 0 0 1 0 0 0 0 0 0
00030218_000.png 0 0 0 1 0 0 0 0 0 0 0 0 0 0
00018182_005.png 0 0 0 0 0 0 0 0 0 0 0 0 0 0
00025518_002.png 0 0 0 0 1 0 0 0 0 0 0 0 0 0
00003578_000.png 0 0 0 0 0 0 0 0 0 0 0 0 0 0
00018011_009.png 0 0 0 0 0 0 0 0 0 0 0 0 0 0
00013996_001.png 0 0 0 0 0 0 0 0 0 0 0 0 0 0
00015379_000.png 0 0 0 0 0 0 0 0 0 0 0 0 0 0
00010188_011.png 0 0 0 0 0 0 0 0 0 0 0 0 0 0
00015041_003.png 0 0 0 0 0 0 0 0 0 0 0 0 0 0
00007547_000.png 0 0 0 0 0 0 0 0 0 0 0 0 0 0
00003512_001.png 0 0 1 0 0 0 0 0 0 0 0 0 0 0
00024420_000.png 0 0 0 0 0 0 0 0 0 0 0 0 0 0
00005365_029.png 0 0 0 0 0 0 0 0 0 0 0 0 0 0
00025849_015.png 0 0 0 0 0 0 0 0 0 0 0 0 0 0
00024345_000.png 0 0 0 0 0 0 0 0 0 0 0 0 0 0
00008775_004.png 0 0 0 0 0 0 0 0 0 0 0 0 0 0
00015861_002.png 0 0 1 0 0 0 0 0 0 0 0 0 0 0
00015946_003.png 1 0 1 0 0 0 0 0 0 0 0 0 0 0
00006706_001.png 0 0 0 0 0 0 0 0 0 0 0 0 0 0
00010738_000.png 0 0 0 1 0 0 0 0 0 0 0 0 0 0
00004833_040.png 1 0 0 0 0 0 0 0 1 0 0 0 0 0
00006663_004.png 1 0 1 1 0 0 0 0 0 0 0 0 0 0
00011618_004.png 0 0 0 0 0 0 0 1 0 0 0 0 0 0
00008913_000.png 0 0 0 0 0 0 0 0 0 0 0 0 0 0
00007787_004.png 0 0 0 0 0 0 0 0 0 0 0 0 0 0
00006931_000.png 1 0 0 0 0 0 0 0 0 0 0 0 0 0
00003469_000.png 0 0 0 0 0 0 0 0 0 0 0 0 0 0
00007968_000.png 0 0 0 0 0 0 0 0 0 0 0 0 0 0
00022843_000.png 0 0 0 0 0 0 0 0 0 0 0 0 0 0
00021177_000.png 0 0 0 0 1 0 0 0 0 0 0 0 0 0
00027828_002.png 0 0 0 0 0 0 0 0 0 0 0 0 0 0
00029279_006.png 0 0 0 0 0 0 0 0 0 0 0 0 0 0
00020431_001.png 0 0 0 0 0 1 0 0 0 0 0 0 1 0
00027894_004.png 0 0 1 0 0 0 1 0 0 0 0 0 0 0
00014568_000.png 0 0 0 0 0 0 0 0 0 0 0 0 0 0
00014265_016.png 0 0 0 1 1 0 0 0 0 0 0 0 0 0
00006855_000.png 0 0 0 0 0 0 0 0 0 0 0 0 0 0
00020006_001.png 0 0 0 0 0 0 0 0 0 0 0 0 0 0
00003190_015.png 0 0 0 0 0 0 0 0 0 0 0 0 0 0
00021457_029.png 0 0 0 1 0 0 0 0 0 0 0 0 0 0
00020129_001.png 0 0 0 0 0 0 0 0 0 0 0 0 0 0
00013646_006.png 0 0 0 0 0 1 0 0 0 0 0 0 0 0
00012422_013.png 0 0 0 1 0 0 0 0 0 0 0 0 0 0
00030583_000.png 0 0 0 1 0 0 0 0 0 0 0 0 0 0
00002611_001.png 0 0 0 0 0 0 0 0 0 0 0 0 0 0
00016003_000.png 0 0 0 0 0 0 0 0 0 0 0 0 0 0
00024018_000.png 0 0 0 0 0 0 0 0 0 0 0 0 0 0
00003426_030.png 0 0 0 1 0 0 0 0 1 0 0 0 0 0
00013999_007.png 0 0 0 0 0 0 0 0 0 0 0 0 0 0
00021073_014.png 1 0 0 1 0 0 0 0 0 0 0 0 0 0
00020573_002.png 0 0 0 0 0 0 0 0 0 0 0 0 0 0
00001792_001.png 0 0 0 0 0 0 0 0 0 0 0 0 0 0
00002641_000.png 0 0 0 0 0 0 0 0 0 0 0 0 0 0
00016800_022.png 0 0 0 0 0 0 0 0 0 0 0 0 0 0
00012935_006.png 0 0 1 0 0 0 0 0 0 0 0 0 0 0
00003523_014.png 0 0 0 0 0 0 0 0 0 0 0 0 0 0
00004117_000.png 0 0 0 0 1 0 0 0 0 0 0 0 0 0
00023982_000.png 0 0 0 0 0 0 0 0 0 0 0 0 0 0
00017557_000.png 0 0 0 0 1 0 0 0 0 0 0 0 0 0
00021120_000.png 0 0 1 0 0 0 0 0 0 0 0 0 0 0
00029385_005.png 0 0 0 0 0 0 0 0 0 0 0 0 0 0
00027231_001.png 0 0 0 0 0 0 0 0 0 0 0 0 0 0
00001947_000.png 0 0 0 0 0 0 0 0 0 0 0 0 0 0
00020469_007.png 1 0 1 0 1 0 0 0 0 0 0 0 0 0
00028523_032.png 0 0 0 0 0 0 0 0 0 0 0 0 0 0
00008480_006.png 0 0 0 0 0 0 0 0 0 0 0 0 0 0
00014504_000.png 0 0 0 0 0 0 0 0 0 0 0 0 0 0
00021812_001.png 0 0 1 0 0 0 0 1 0 0 0 0 0 0
00023313_010.png 0 0 0 0 0 1 0 1 0 0 0 0 1 0
00006850_019.png 0 0 0 0 0 0 0 0 0 0 0 0 0 0
00002864_004.png 0 0 0 1 0 0 0 0 0 0 0 0 0 0
00020505_008.png 0 0 0 1 0 0 1 0 0 0 0 0 0 0
00004857_025.png 0 0 0 0 0 0 0 0 0 0 0 0 0 0
00015581_008.png 0 0 1 0 0 0 0 0 0 0 0 0 1 0
00003847_007.png 0 0 0 0 0 0 0 0 0 0 0 0 0 0
00023675_000.png 0 0 0 0 0 0 0 0 0 0 0 0 0 0
00007743_000.png 0 0 0 0 0 0 0 0 0 0 0 0 0 0
00001859_001.png 0 0 0 0 0 0 0 0 0 0 0 0 0 0
00011255_009.png 0 0 0 0 0 0 0 0 0 0 0 0 0 0
00019988_007.png 0 0 0 0 0 0 0 0 0 0 0 0 0 0
00025527_006.png 0 0 0 0 0 0 0 0 0 0 0 0 0 0
00025454_002.png 0 0 0 0 0 0 0 0 0 0 0 0 0 0
00007152_002.png 0 0 0 0 0 0 0 0 0 0 0 0 0 0
00016580_000.png 0 0 0 0 0 0 0 0 0 0 0 0 0 0
00016977_000.png 0 0 0 0 0 0 0 0 0 0 0 0 0 0
00012773_000.png 0 0 0 0 0 1 0 0 0 0 0 0 0 0
00017672_000.png 0 0 0 0 0 0 0 0 0 0 0 0 0 0
00018558_001.png 0 0 0 1 0 1 0 0 0 0 0 0 0 0
00015328_003.png 1 0 0 0 0 0 0 0 0 0 0 0 0 0
00002413_003.png 0 0 0 0 0 0 0 0 0 0 0 0 0 0
00015118_003.png 0 0 0 0 0 0 0 0 0 0 0 0 0 0
00003097_003.png 0 0 0 0 0 0 0 0 0 0 0 0 0 0
00014879_007.png 0 0 0 0 0 0 0 0 0 0 0 0 0 0
00004402_001.png 0 0 0 1 0 0 0 0 0 0 1 0 0 0
00027440_000.png 0 0 0 0 1 0 0 0 0 0 0 0 0 0
00017640_000.png 1 0 0 0 0 0 0 0 0 0 0 0 0 0
00012848_005.png 0 0 0 0 0 0 0 0 1 0 0 0 0 0
00011457_000.png 0 0 0 0 0 0 0 0 0 0 0 0 0 0
00006832_006.png 0 0 0 0 1 0 0 0 0 0 0 0 1 0
00015047_000.png 0 0 0 0 0 0 0 0 0 0 0 0 0 0
00003705_000.png 0 0 0 0 0 0 0 0 0 0 0 0 0 0
00029666_007.png 0 0 0 0 0 0 0 0 0 0 0 0 0 0
00006446_000.png 1 0 0 0 0 0 0 0 0 0 0 0 0 0
00015885_003.png 0 0 0 0 0 0 0 0 0 0 0 0 0 0
00013994_002.png 0 0 1 1 0 0 0 0 0 0 0 0 0 0
00017858_003.png 0 0 0 1 0 0 0 0 0 0 0 1 0 0
00005957_000.png 0 0 0 0 0 0 0 1 0 0 0 0 0 0
00003864_000.png 0 0 0 0 0 0 0 0 0 0 0 0 0 0
00013966_001.png 0 0 1 0 0 0 0 0 0 0 0 0 0 0
00017169_000.png 0 0 0 0 0 0 0 0 0 0 0 0 0 0
00014816_001.png 0 0 0 0 0 0 0 0 0 0 0 0 0 0
00005899_001.png 0 0 0 0 0 0 0 0 0 0 0 0 0 0
00025635_001.png 0 0 1 0 1 0 0 0 0 0 0 0 0 0
00004323_000.png 0 0 0 1 0 0 0 0 0 0 0 0 1 0
00019222_000.png 0 0 0 0 0 1 0 0 0 0 0 0 0 0
00024175_002.png 0 0 0 0 0 0 0 0 0 0 0 0 0 0
00016480_005.png 1 0 0 0 0 0 0 0 0 0 0 0 0 0
00000873_001.png 0 0 0 0 0 0 0 0 0 0 0 0 0 0
00016504_000.png 0 0 0 0 0 0 0 0 0 0 0 0 0 0
00013930_002.png 0 0 1 0 0 0 0 0 0 0 0 0 0 0
00008086_000.png 0 0 0 0 0 0 0 0 0 0 0 0 0 0
00009815_001.png 0 0 0 0 0 0 0 0 0 0 0 0 0 0
00015503_001.png 0 0 0 0 0 0 0 0 0 0 0 0 0 0
00022409_000.png 0 0 0 0 0 0 0 0 0 0 0 0 0 0
00008700_000.png 0 0 0 0 0 0 0 0 0 0 0 0 0 0
00010398_001.png 1 0 0 1 0 0 0 0 0 0 0 0 0 0
00006282_009.png 0 0 0 1 0 0 0 0 0 0 0 0 0 0
00007006_000.png 0 0 0 0 0 0 0 0 0 0 0 0 0 0
00003534_005.png 0 0 0 0 0 0 0 0 0 0 0 0 0 0
00013384_004.png 0 0 1 0 0 0 0 0 0 0 0 0 0 0
00004745_002.png 0 0 0 0 0 0 0 0 0 0 0 0 0 0
00024068_000.png 0 0 0 0 0 0 0 0 0 0 0 0 0 0
00026341_009.png 0 0 1 0 0 0 0 0 0 0 0 0 0 0
00025639_000.png 0 0 0 1 0 0 0 0 0 0 0 0 0 0
00001798_000.png 0 0 0 0 0 0 0 0 0 0 0 0 0 0
00015228_001.png 0 0 0 0 0 0 0 0 0 0 0 0 0 0
00006024_007.png 0 0 0 0 0 0 0 0 0 0 0 0 0 0
00017170_004.png 0 0 1 0 1 0 0 0 0 0 0 0 0 0
00006981_001.png 1 0 1 0 0 0 0 0 0 0 0 0 0 0
00007294_003.png 0 0 0 0 0 0 0 0 0 0 0 0 0 0
00008127_001.png 0 0 0 0 0 0 0 0 0 0 0 0 0 0
00007441_000.png 0 0 0 0 0 0 0 0 0 0 0 0 0 0
00019906_002.png 1 0 0 1 0 0 0 0 0 0 0 0 0 0
00002041_000.png 0 0 0 0 0 0 0 0 0 0 1 0 0 0
00018627_000.png 0 0 0 0 1 0 0 0 0 0 0 0 0 0
00016615_006.png 0 0 0 1 0 0 0 0 0 1 0 0 0 0
00010773_016.png 0 0 0 1 0 0 0 0 0 0 0 0 0 0
00020212_000.png 0 0 0 0 0 0 0 0 0 0 0 0 0 0
00012874_004.png 0 0 0 0 0 0 0 0 0 0 0 0 0 0
00020436_000.png 0 0 0 0 1 0 0 0 0 0 0 0 0 0
00010668_001.png 0 0 0 0 0 0 0 0 0 0 0 0 0 0
00026032_003.png 0 0 0 0 0 0 0 0 0 0 0 0 0 0
00010832_012.png 0 0 0 1 0 0 0 0 0 0 0 0 0 0
00013962_004.png 0 0 0 0 0 0 0 0 0 0 0 0 0 0
00021457_041.png 0 0 1 0 0 0 0 0 0 1 0 0 0 0
00008779_002.png 1 0 0 1 0 0 0 0 0 0 0 0 0 0
00016778_041.png 0 0 0 1 0 0 0 0 1 0 0 0 1 0
00028412_000.png 0 1 0 0 0 0 0 0 0 0 0 0 0 0
00020046_002.png 0 0 0 0 0 0 0 0 0 0 0 0 0 0
00021073_006.png 0 0 0 0 0 0 0 1 0 0 1 0 0 0
00012704_009.png 0 0 0 0 0 0 0 0 0 0 0 0 0 0
00017444_001.png 1 0 0 0 0 0 0 0 0 0 0 0 0 0
00023487_007.png 0 0 0 0 0 0 0 0 0 0 0 0 0 0
00025695_002.png 0 0 0 0 1 1 0 0 0 0 0 0 0 0
00019035_000.png 0 0 1 1 0 0 0 0 0 0 0 0 0 0
00007286_008.png 0 0 0 1 0 1 0 0 0 0 0 0 0 0
00009061_001.png 0 0 0 0 0 0 0 0 0 0 0 0 0 0
00006309_000.png 0 0 0 0 0 0 0 0 0 0 0 0 0 0
00011379_015.png 0 0 0 0 0 0 0 0 0 0 0 0 0 0
00002411_009.png 0 0 0 1 0 0 0 0 0 0 0 0 0 0
00022096_000.png 0 0 0 0 0 0 0 0 0 0 0 0 1 0
00016910_000.png 0 0 0 0 0 0 0 0 0 0 0 0 0 0
00027245_000.png 0 0 0 0 0 0 0 0 0 0 0 0 0 0
00025096_007.png 0 0 0 0 0 0 0 0 0 0 0 0 0 0
00005778_031.png 0 0 0 1 0 0 0 0 0 0 0 0 0 0
00012874_021.png 0 0 0 0 0 0 0 0 0 0 0 0 0 0
00003831_000.png 0 0 0 0 0 0 0 0 0 0 0 0 0 0
00007205_004.png 0 0 1 1 0 0 0 0 0 0 0 0 0 0
00012317_000.png 0 0 0 0 0 0 0 0 0 0 0 0 0 0
00020455_006.png 0 0 0 0 1 0 0 0 0 0 0 0 0 0
00024822_000.png 0 0 0 0 0 0 0 0 0 0 0 0 0 0
00019899_012.png 0 0 1 0 0 0 0 0 0 0 0 0 0 0
00004195_005.png 0 0 0 0 0 0 0 0 0 0 0 0 0 0
00010222_009.png 1 0 0 0 0 0 0 0 0 0 0 0 0 0
00020524_000.png 0 0 0 1 0 0 0 0 0 0 0 0 0 0
00015869_010.png 0 0 0 0 0 0 0 0 0 0 0 0 0 0
00001268_001.png 0 0 0 0 0 0 0 0 0 0 0 0 0 0
00018829_015.png 0 0 1 0 0 0 0 0 1 0 0 0 0 0
00002457_009.png 0 0 0 0 0 0 0 0 0 0 0 0 0 0
00018027_014.png 0 0 0 0 0 0 0 0 0 0 0 0 0 0
00023377_000.png 0 0 0 0 0 0 0 0 0 0 0 0 0 0
00017027_001.png 1 0 0 0 0 0 0 0 1 0 0 0 0 0
00010718_018.png 0 0 0 0 0 0 0 0 0 0 0 0 0 0
00017622_008.png 0 0 0 0 0 0 0 0 0 0 0 0 0 0
00003709_006.png 0 0 0 0 0 0 0 0 0 0 0 0 0 0
00017076_000.png 0 0 0 1 0 0 0 0 0 0 0 0 0 0
00010319_004.png 1 0 0 0 0 0 0 0 0 0 0 0 0 0
00001326_000.png 0 0 0 0 0 0 0 0 0 0 0 0 0 0
00014362_007.png 1 0 0 1 0 0 0 0 0 1 0 0 0 0
00004634_000.png 0 0 0 0 0 0 0 0 0 0 0 0 0 0
00015159_001.png 1 0 1 0 0 0 0 0 0 0 0 0 0 0
00006648_000.png 0 0 0 0 0 0 0 1 0 0 0 0 0 0
00006284_001.png 0 0 0 0 0 0 0 0 0 0 0 0 0 0
00001815_000.png 0 0 0 0 0 0 0 0 0 0 0 0 0 0
00012931_021.png 0 0 0 0 0 0 0 0 0 0 0 0 0 0
00021618_000.png 0 0 0 0 0 0 0 0 0 0 0 0 0 0
00006324_000.png 0 0 0 0 0 0 0 0 0 0 0 0 0 0
00021460_000.png 0 0 0 0 0 0 0 0 0 0 0 0 0 0
00020415_002.png 0 0 1 0 0 0 0 0 0 0 0 0 0 0
00000271_003.png 0 0 0 0 0 0 0 0 0 0 0 0 0 0
00003603_000.png 0 0 0 0 0 1 0 0 0 0 0 0 0 0
00000915_005.png 0 0 0 1 0 0 1 0 0 0 0 0 0 0
00011616_000.png 0 0 0 0 0 0 0 0 0 0 0 0 0 0
00009907_001.png 0 0 0 0 0 0 0 0 0 0 0 0 0 0
00006788_004.png 0 0 0 0 0 0 0 0 0 0 0 0 0 0
00026906_003.png 0 0 0 0 0 0 0 0 0 0 0 0 0 0
00025711_001.png 0 0 1 0 1 0 0 0 0 0 0 0 0 0
00019216_004.png 0 0 0 0 0 0 0 0 0 0 0 0 0 0
00005218_012.png 0 0 0 0 0 1 0 0 0 0 0 0 0 0
00010776_001.png 0 0 0 0 0 0 0 0 0 0 0 0 0 0
00013611_002.png 0 0 0 0 0 0 0 0 0 0 0 0 0 0
00005708_000.png 0 0 0 0 0 0 0 0 0 0 0 0 0 0
00002237_003.png 0 0 0 0 0 0 0 0 0 0 0 0 0 0
00010801_001.png 0 0 0 1 0 0 0 0 0 1 0 0 0 0
00019087_031.png 0 0 1 1 0 0 0 0 0 0 0 0 0 0
00020841_000.png 0 0 0 1 0 0 0 0 1 0 0 0 0 0
00002920_000.png 0 0 0 0 0 0 0 0 0 0 0 0 0 0
00005202_010.png 0 0 0 0 0 0 0 0 0 0 0 0 0 0
00023211_025.png 0 0 0 1 0 0 0 0 0 0 0 0 0 0
00026143_000.png 0 0 0 0 0 0 0 0 0 0 0 0 0 0
00000796_004.png 0 0 0 0 0 0 0 0 0 0 0 0 0 0
00025081_004.png 0 0 0 0 0 0 0 0 0 0 0 0 1 0
00028864_000.png 0 0 0 0 0 0 0 0 0 0 0 0 1 0
00010973_006.png 0 0 1 0 0 0 0 0 0 0 1 0 0 0
00006535_003.png 0 0 0 0 0 0 0 0 0 0 0 1 0 0
00013123_006.png 0 0 1 0 0 0 0 0 0 0 0 0 0 0
00019522_016.png 0 0 0 0 0 0 0 0 0 0 0 0 0 0
00000087_000.png 0 0 0 0 0 0 0 0 0 0 0 0 0 0
00016047_000.png 0 0 0 0 0 0 0 0 0 0 0 0 0 0
00010897_003.png 0 0 0 0 0 1 0 0 0 0 0 0 0 0
00028436_000.png 0 1 1 0 0 0 0 0 0 0 0 0 0 0
00018947_000.png 0 0 0 0 0 0 0 0 0 0 0 0 0 0
00008464_004.png 1 0 0 0 0 0 0 0 0 0 0 0 0 0
00025497_001.png 0 0 0 0 0 0 0 0 0 0 0 0 0 0
00016410_056.png 1 0 0 1 0 0 0 0 0 0 1 0 0 0
00003168_000.png 0 0 0 0 0 0 0 0 0 0 0 0 0 0
00025625_001.png 1 0 0 0 0 0 0 0 0 0 0 0 0 0
00026631_000.png 0 0 0 0 0 0 0 0 0 0 0 0 0 0
00024017_000.png 0 0 0 0 0 0 0 0 0 0 0 0 0 0
00024060_000.png 0 0 0 0 0 0 0 0 0 0 0 0 0 0
00027216_001.png 0 0 0 0 0 0 0 0 0 0 0 0 0 0
00000979_008.png 0 0 1 1 0 0 0 0 0 0 0 0 1 0
00017802_001.png 1 0 0 0 0 0 0 0 0 0 0 0 0 0
00021516_000.png 0 0 0 0 0 0 0 0 0 0 0 0 0 0
00002032_010.png 0 0 1 0 1 0 0 0 0 0 0 0 0 0
00017648_000.png 0 0 0 0 0 0 0 0 0 0 0 0 0 0
00016992_000.png 0 0 0 0 0 0 0 0 0 0 0 0 0 0
00011544_007.png 0 0 1 1 0 0 0 0 0 0 0 0 0 0
00000785_000.png 1 0 0 1 0 0 0 0 0 0 0 0 0 0
00016233_000.png 0 0 1 1 0 0 0 0 0 0 0 0 0 0
00003163_000.png 0 0 0 0 0 0 0 0 0 0 0 0 0 0
00015628_022.png 0 0 0 1 0 0 0 0 0 0 0 0 0 0
00010914_007.png 0 0 0 0 0 0 0 0 0 0 0 0 0 0
00004857_046.png 0 0 0 0 0 0 0 0 0 0 0 0 0 0
00029524_000.png 0 0 0 1 0 0 0 0 0 0 0 0 0 0
00015030_000.png 0 0 0 0 0 0 0 0 0 0 0 0 0 0
00006113_000.png 0 0 0 0 0 0 0 0 0 0 0 0 0 0
00002064_006.png 0 0 0 0 0 0 0 0 0 0 0 0 0 0
00016023_001.png 0 0 0 0 0 0 0 0 0 0 0 0 0 0
00026738_008.png 1 0 0 0 0 0 0 0 0 0 0 0 0 0
00015338_012.png 0 0 0 0 0 0 0 0 0 0 0 0 0 0
00007866_000.png 0 0 0 0 0 0 0 0 0 0 0 0 0 0
00021213_000.png 0 0 0 0 0 0 0 0 0 0 0 0 0 0
00021982_001.png 0 0 0 0 0 0 0 0 0 0 0 0 0 0
00008217_000.png 0 0 0 0 0 0 0 0 0 0 0 0 0 0
00006192_014.png 0 0 0 0 0 0 0 0 0 0 0 0 0 0
00002944_000.png 0 0 0 0 0 0 0 0 0 0 0 0 0 0
00020885_002.png 0 0 1 0 1 0 0 0 0 0 0 0 0 0
00001756_007.png 0 0 0 0 0 0 0 0 0 0 0 0 0 0
00013240_000.png 0 0 0 0 1 0 0 0 0 0 0 0 0 0
00009180_000.png 0 0 0 0 0 1 0 0 0 0 0 0 0 0
00002049_003.png 0 0 0 0 0 0 0 0 0 0 0 0 0 0
00009049_006.png 0 0 0 0 0 0 0 0 0 0 0 0 0 0
00001974_006.png 1 0 0 0 0 0 0 0 0 0 0 0 0 0
00014245_004.png 0 0 0 1 0 0 0 0 0 0 0 0 0 0
00013982_006.png 0 0 0 0 0 0 0 0 0 0 0 0 0 0
00025081_005.png 0 0 0 0 0 0 0 0 0 0 0 0 0 0
00018100_007.png 0 0 0 0 0 0 0 0 0 0 0 0 0 0
00026560_010.png 0 1 0 0 0 0 1 0 1 0 0 0 0 0
00021666_001.png 0 0 0 0 0 0 0 0 0 0 0 0 0 0
00011522_002.png 1 0 0 0 0 0 0 0 0 0 0 0 0 0
00001741_002.png 0 0 0 0 0 0 0 0 0 0 0 0 0 0
00008650_000.png 0 0 0 0 0 0 0 0 0 0 0 0 0 0
00012906_000.png 0 0 0 0 0 0 0 0 0 0 0 0 0 0
00016231_002.png 1 0 0 0 0 0 1 0 0 0 0 0 0 0
00002238_006.png 0 0 0 0 0 0 0 0 0 0 0 0 0 0
00015008_001.png 0 0 0 0 0 0 0 0 0 0 0 0 0 0
00012343_003.png 0 0 0 0 0 0 0 0 0 0 0 0 0 0
00005778_005.png 0 1 0 0 0 0 0 0 0 0 0 0 0 0
00016785_002.png 0 0 0 0 0 0 0 0 0 0 0 0 0 0
00019891_003.png 1 0 1 0 0 0 0 0 0 0 0 0 0 0
00018175_000.png 0 0 0 0 0 0 0 0 0 0 0 0 0 0
00020004_002.png 0 0 0 0 0 0 0 0 0 0 0 0 0 0
00017644_000.png 0 0 0 0 0 0 0 0 0 0 0 0 0 0
00015358_001.png 0 0 0 0 0 0 0 0 0 0 0 0 0 0
00008445_001.png 1 0 0 0 0 0 0 0 0 0 0 0 0 0
00022974_000.png 0 0 0 0 0 0 0 0 0 0 0 0 0 0
00023090_002.png 0 0 0 0 0 0 0 0 1 0 0 0 0 0
00016772_015.png 0 0 0 0 0 0 0 0 0 0 1 0 0 0
00025275_000.png 0 0 0 0 0 0 0 0 0 0 0 0 0 0
00012066_000.png 0 0 0 0 0 0 0 0 0 0 0 0 0 0
00003759_002.png 0 0 0 0 0 0 0 0 0 0 0 0 0 0
00019276_000.png 1 0 0 0 0 0 0 0 0 0 0 0 0 0
00003596_000.png 0 0 0 0 0 0 0 0 0 0 0 0 0 0
00019576_036.png 0 0 0 1 0 0 0 0 0 0 0 0 0 0
00008100_001.png 0 0 0 0 1 0 0 0 0 0 0 0 0 0
00026713_016.png 0 0 0 0 0 0 0 0 0 0 0 0 0 0
00013251_000.png 0 0 0 0 0 0 0 0 0 0 0 0 0 0
00014472_014.png 0 0 0 0 0 0 0 0 1 0 0 0 0 0
00004833_013.png 1 0 0 0 0 0 0 0 0 0 0 0 0 0
00003647_004.png 0 0 0 1 0 0 0 0 0 0 0 0 0 0
00014790_004.png 0 0 0 0 0 0 0 0 0 0 0 0 0 0
00013369_000.png 0 0 0 0 0 0 0 0 0 0 0 0 0 0
00013849_015.png 0 0 0 1 0 0 0 0 0 0 0 0 0 0
00020307_004.png 0 0 0 0 0 0 0 0 0 0 0 0 0 0
00019368_000.png 0 0 0 1 0 1 0 0 0 0 0 0 0 0
00007492_001.png 0 0 0 0 0 0 0 0 0 0 0 0 0 0
00020203_000.png 0 0 0 0 0 0 0 0 0 0 0 0 0 0
00015981_001.png 0 0 0 0 0 0 0 0 0 0 0 0 0 0
00020326_085.png 0 0 0 0 0 0 0 0 0 0 0 0 0 0
00001986_014.png 0 0 0 1 0 0 0 0 0 0 0 0 0 0
00016035_001.png 0 0 0 0 0 0 0 0 0 0 0 0 0 0
00019781_000.png 0 0 0 0 0 0 0 0 0 0 0 0 0 0
00012418_000.png 0 0 0 0 0 0 0 0 0 0 0 0 0 0
00002666_002.png 0 0 0 0 0 0 0 0 0 0 0 0 0 0
00003459_028.png 0 0 0 0 0 0 0 0 0 0 0 0 0 0
00018454_000.png 0 0 0 0 0 1 0 0 0 0 0 0 0 0
00016550_015.png 0 0 0 0 0 0 0 0 0 0 0 0 0 0
00024787_000.png 0 0 0 0 0 0 0 0 0 0 0 0 0 0
00001483_016.png 0 0 1 1 1 0 0 0 0 0 0 0 1 0
00006499_005.png 0 0 0 0 0 0 0 0 0 0 0 0 0 0
00019935_006.png 0 0 0 0 0 0 0 0 0 0 0 0 0 0
00001678_001.png 0 0 0 0 1 0 0 0 1 0 0 0 0 0
00005832_035.png 0 0 0 0 0 0 0 0 0 0 0 0 0 0
00003147_000.png 0 0 0 0 0 0 0 0 0 0 0 0 0 0
00010725_004.png 0 0 1 0 0 0 0 0 0 0 0 0 0 0
00016715_011.png 0 0 0 0 0 0 0 0 0 1 0 0 0 0
00016485_000.png 0 0 0 0 0 0 0 0 0 0 0 0 0 0
00017484_003.png 0 0 0 1 0 0 0 0 0 0 0 0 0 0
00028097_000.png 0 0 0 1 0 1 0 0 0 0 0 0 0 0
00001549_009.png 0 0 1 1 0 0 0 0 0 0 0 0 0 0
00006953_003.png 1 0 1 0 0 0 0 1 0 0 0 0 0 0
00020477_000.png 0 0 0 1 0 0 0 0 0 0 0 0 0 0
00016899_003.png 0 0 0 0 0 0 0 0 0 0 0 0 0 0
00016934_042.png 0 0 1 0 0 0 0 0 1 0 0 0 0 0
00020204_004.png 0 0 1 1 0 0 0 0 0 0 0 0 0 0
00003523_034.png 0 0 0 0 0 0 0 0 1 0 1 0 0 0
00028765_003.png 0 0 0 0 1 0 0 1 0 0 0 0 0 0
00006289_004.png 0 0 0 0 0 0 0 0 0 0 0 0 0 0
00025812_002.png 0 0 0 0 0 0 0 0 0 0 0 0 0 0
00016749_000.png 0 0 0 0 0 0 0 0 0 0 1 0 0 0
00018087_002.png 0 0 0 0 0 1 0 0 0 0 0 0 0 0
00014174_008.png 0 0 0 0 0 0 0 0 0 0 0 0 0 0
00012616_007.png 0 0 1 0 0 0 0 0 0 0 0 0 0 0
00011365_006.png 0 0 0 0 0 0 0 0 0 0 0 0 0 0
00005343_000.png 0 0 0 0 0 0 0 0 0 0 0 0 1 0
00001249_005.png 0 0 1 0 0 0 0 0 0 1 0 0 0 0
00008396_000.png 0 0 0 0 0 0 0 0 0 0 0 0 0 0
00023170_002.png 0 0 0 1 0 0 0 0 0 0 0 0 0 0
00025189_010.png 0 0 0 0 0 0 0 0 0 0 0 0 0 0
00017651_002.png 0 0 1 0 0 0 0 0 0 0 0 0 0 0
00027675_008.png 0 0 1 0 0 0 0 0 0 0 0 0 0 0
00005524_001.png 0 0 0 0 0 0 0 0 0 0 0 0 0 0
00011870_003.png 0 0 0 0 0 0 0 0 0 0 0 0 0 0
00011808_021.png 0 0 0 0 0 1 0 0 0 0 0 0 0 0
00020317_000.png 0 0 0 0 0 0 0 0 0 0 0 0 0 0
00009843_000.png 0 0 0 0 1 0 0 0 0 0 0 0 0 0
00012884_014.png 0 0 0 1 0 1 0 0 0 0 0 0 0 0
00022691_001.png 0 0 0 0 0 0 0 0 0 0 0 0 0 0
00009091_000.png 0 0 0 0 0 0 0 0 0 0 0 0 0 0
00005730_000.png 0 0 0 0 1 0 0 0 0 0 0 0 0 0
00006217_000.png 0 0 0 0 0 0 0 0 0 0 0 0 0 0
00003426_012.png 0 0 1 0 1 0 0 0 0 0 0 0 0 0
00020585_000.png 0 0 0 0 0 0 0 0 0 0 0 0 0 0
00007745_011.png 0 0 0 0 0 0 0 0 0 0 0 0 0 0
00020275_000.png 0 0 0 0 0 1 0 0 0 0 0 0 0 0
00004006_037.png 0 1 0 0 0 0 0 0 0 0 0 0 0 0
00014397_000.png 0 0 0 0 0 0 0 0 0 0 0 0 0 0
00015778_000.png 1 0 1 0 1 0 0 0 0 0 0 0 0 0
00003035_000.png 0 0 0 0 0 0 0 0 0 0 0 0 0 0
00026967_004.png 0 0 1 1 0 0 0 0 0 0 0 0 0 0
00026516_006.png 0 0 0 0 0 0 0 0 0 0 0 0 0 0
00013076_000.png 0 0 0 0 0 0 0 0 0 0 0 0 0 0
00013588_000.png 0 0 0 0 0 0 0 0 0 0 0 0 0 0
00007105_000.png 0 0 0 0 0 0 0 0 0 0 0 0 0 0
00007816_006.png 0 0 0 1 0 0 0 0 0 0 0 0 0 0
00016468_002.png 1 0 0 0 0 1 0 0 0 0 0 0 0 0
00024205_000.png 0 0 0 0 0 0 0 0 0 0 0 0 0 0
00010314_007.png 0 0 0 1 0 0 0 0 0 0 0 0 0 0
00005684_004.png 0 0 0 0 0 0 0 0 0 0 0 0 0 0
00009127_001.png 0 0 0 0 0 0 0 0 0 0 0 0 0 0
00006326_001.png 0 0 0 0 0 0 0 0 0 0 0 0 0 0
00022835_006.png 0 0 0 0 0 0 0 0 0 0 0 0 0 0
00001255_013.png 0 0 0 0 0 0 0 0 1 0 0 0 0 0
00016427_000.png 0 0 0 0 0 0 0 0 0 0 0 0 0 0
00027211_001.png 1 0 0 1 0 0 0 0 0 0 0 0 0 0
00028582_011.png 0 0 0 0 1 0 0 1 0 0 0 0 0 0
00016805_006.png 0 0 0 0 0 0 0 1 0 0 0 0 0 0
00021369_000.png 0 0 1 0 0 0 0 0 0 0 0 0 0 0
00027053_000.png 0 0 0 0 0 0 0 0 0 0 0 0 0 0
00005989_000.png 0 0 0 0 0 0 0 0 1 0 0 0 0 0
00003941_000.png 0 0 0 0 0 0 0 0 0 0 0 0 0 0
00003083_001.png 0 0 1 0 0 0 0 0 0 0 0 0 0 0
00013952_005.png 0 0 0 0 0 0 0 0 0 0 0 0 0 0
00018098_001.png 0 0 0 0 0 0 0 0 0 0 0 0 0 0
00021992_000.png 0 0 0 0 0 0 0 0 0 0 0 0 0 0
00025607_001.png 0 0 0 0 0 0 1 0 0 0 0 0 0 0
00018626_012.png 0 0 1 0 0 0 0 0 0 0 0 0 0 0
00018591_000.png 0 0 0 0 0 1 0 0 0 0 0 0 0 0
00028837_006.png 1 0 0 0 0 0 0 1 0 0 1 0 0 0
00003423_002.png 0 0 1 1 0 0 0 0 0 0 0 0 1 0
00005798_011.png 0 0 0 0 0 0 0 0 0 0 0 0 0 0
00014302_012.png 0 0 0 0 0 0 0 0 0 0 0 0 0 0
00003426_026.png 0 0 0 0 0 0 0 0 0 0 0 0 0 0
00020484_000.png 0 0 0 1 0 0 0 0 0 0 0 0 0 0
00021267_000.png 0 0 0 0 0 0 0 0 0 0 0 0 0 0
00025168_000.png 0 0 0 0 0 0 0 0 0 0 0 0 0 0
00015620_000.png 0 0 0 0 0 0 0 0 0 0 0 0 0 0
00005927_006.png 1 0 0 1 0 0 1 0 0 0 0 0 0 0
00027038_002.png 0 0 0 0 0 0 0 0 0 0 0 0 0 0
00030107_003.png 0 0 0 1 0 0 0 0 0 0 0 0 0 0
00008191_000.png 1 0 0 0 0 0 0 0 0 0 0 0 0 0
00005963_006.png 0 0 0 0 0 0 0 0 0 0 0 0 0 0
00019650_002.png 0 0 0 0 0 0 0 0 0 0 0 0 0 0
00023487_002.png 0 0 0 0 0 0 0 0 0 0 0 0 0 0
00002577_000.png 0 0 0 0 0 0 0 0 0 0 0 0 0 0
00005770_003.png 0 0 0 0 0 0 0 0 0 0 0 0 0 0
00025212_000.png 0 0 0 0 0 0 0 0 0 0 0 0 0 0
00006938_007.png 0 0 0 1 0 0 0 0 0 0 0 0 0 0
00013757_000.png 0 0 1 0 0 0 0 0 0 0 0 0 1 0
00007405_004.png 0 0 0 0 1 0 0 0 1 0 0 0 0 0
00007285_003.png 0 0 0 0 0 0 0 0 0 0 0 0 0 0
00014552_002.png 0 0 0 0 0 0 0 0 0 0 0 0 0 0
00010360_004.png 0 0 0 0 0 0 0 0 0 0 0 0 0 0
00015691_000.png 0 0 0 0 0 0 0 0 0 0 0 0 0 0
00025243_000.png 0 0 0 1 0 0 0 0 0 0 0 0 0 0
00012845_001.png 0 1 0 0 0 0 0 0 0 0 0 0 0 0
00003593_002.png 0 0 1 1 0 0 0 0 0 0 0 0 0 0
00011394_002.png 0 0 0 0 0 0 0 0 0 0 0 0 0 0
00008885_000.png 1 0 0 1 0 0 0 0 0 0 0 0 0 0
00012414_013.png 0 0 0 0 0 0 0 0 0 0 0 0 0 0
00005794_009.png 0 0 0 0 0 0 0 0 0 0 0 0 0 0
00026021_000.png 0 0 0 1 0 0 0 0 0 0 0 0 0 0
00004320_001.png 0 0 0 0 0 0 0 0 0 0 0 0 0 0
00023446_000.png 0 0 0 0 0 0 0 0 0 0 0 0 1 0
00007570_001.png 0 0 0 0 0 0 0 0 0 0 0 0 0 0
00030621_003.png 0 0 0 0 0 0 0 0 0 0 0 0 0 0
00029423_000.png 0 0 0 0 0 0 0 0 0 0 0 0 0 0
00006979_000.png 0 0 0 0 0 0 0 0 0 0 0 0 0 0
00007679_006.png 0 0 0 1 0 0 0 0 0 0 0 0 0 0
00015275_012.png 0 0 0 0 0 0 0 0 0 0 0 0 0 0
00027819_000.png 0 0 0 1 0 1 0 0 0 0 0 0 0 0
00001951_011.png 0 0 0 0 0 0 0 0 0 0 0 0 0 0
00001335_003.png 0 0 0 0 0 0 0 0 0 0 0 0 0 0
00003689_009.png 0 0 0 0 0 0 0 0 0 0 0 0 0 0
00002117_010.png 0 0 0 0 0 0 0 0 0 0 0 0 0 0
00028996_004.png 0 0 0 0 0 0 0 0 0 0 0 0 0 0
00011975_000.png 0 0 0 0 0 0 0 0 0 0 0 0 0 0
00009633_000.png 0 0 1 0 0 0 0 0 0 0 0 0 0 0
00028575_000.png 0 0 0 1 0 0 0 0 0 0 0 0 0 0
00018948_000.png 0 0 0 1 0 0 0 0 0 0 0 0 0 0
00001434_000.png 0 0 0 0 0 0 0 0 0 0 0 0 0 0
00023118_000.png 0 0 0 0 0 0 0 0 0 0 0 0 0 0
00026716_000.png 0 0 0 0 0 0 0 0 0 0 0 0 0 0
00013049_001.png 0 0 0 0 0 0 0 0 0 0 0 0 0 0
00013623_006.png 0 0 0 0 0 0 0 0 0 0 0 0 0 0
00022231_002.png 0 0 0 1 0 1 0 0 0 0 0 0 0 0
00011107_000.png 0 0 0 0 0 0 0 0 0 0 0 0 0 0
00018451_005.png 0 0 0 0 0 0 0 0 0 0 0 0 0 0
00013464_002.png 0 0 0 0 0 0 0 0 0 0 0 0 0 0
00020648_001.png 1 0 0 0 0 0 0 0 0 0 0 0 0 0
00003393_032.png 0 0 0 0 0 0 0 0 0 0 0 0 0 0
00002785_000.png 0 0 0 0 0 0 0 0 0 0 0 0 0 0
00007122_000.png 0 0 0 0 0 0 0 0 0 0 0 0 0 0
00019996_000.png 0 0 0 1 0 1 0 0 0 0 0 0 0 0
00018877_001.png 0 0 0 1 0 0 0 0 0 0 0 0 0 0
00022296_000.png 0 0 0 1 0 0 0 0 0 0 0 0 0 0
00021208_000.png 0 1 0 1 0 0 0 0 0 0 0 0 0 0
00009306_000.png 0 0 0 0 0 0 0 0 0 0 0 0 0 0
00015416_000.png 1 0 0 0 0 0 0 0 0 0 0 0 0 0
00006543_002.png 0 0 0 0 0 0 0 0 0 0 0 0 0 0
00014102_000.png 0 0 0 0 0 0 0 0 0 0 0 0 0 0
00014389_008.png 0 0 0 1 0 0 0 0 0 0 0 0 0 0
00015658_009.png 1 0 0 0 0 0 0 0 0 0 0 0 0 0
00018117_003.png 0 0 0 0 0 0 0 1 0 0 0 0 0 0
00006013_004.png 0 0 0 0 0 0 0 0 0 0 0 0 0 0
00016882_003.png 0 0 0 1 0 0 0 0 0 0 0 1 0 0
00025048_000.png 0 0 0 1 0 0 0 0 0 0 0 0 0 0
00027675_005.png 0 0 1 0 0 0 0 0 0 0 0 0 0 0
00004990_002.png 0 0 0 0 0 0 0 0 0 0 0 0 0 0
00014380_003.png 0 0 0 0 0 0 0 0 0 0 0 0 0 0
00010953_007.png 0 0 1 1 0 0 0 0 0 0 0 0 0 0
00021307_007.png 0 0 1 0 0 0 0 0 0 0 0 0 0 0
00005724_000.png 0 0 0 0 0 0 0 0 0 0 0 0 0 0
00012097_003.png 0 0 0 0 0 0 0 0 0 0 0 0 0 0
00020458_033.png 0 0 0 1 0 0 0 1 0 0 0 1 0 0
00011274_000.png 1 0 0 0 0 0 0 0 0 0 0 0 0 0
00006411_017.png 0 1 0 0 0 0 0 0 0 0 0 0 0 0
00004523_007.png 0 0 0 0 0 0 0 0 0 0 0 0 0 0
00002356_011.png 0 0 0 0 0 0 0 0 0 0 0 0 0 0
00013071_002.png 0 0 0 1 0 0 0 0 0 0 0 0 0 0
00017549_001.png 0 0 0 0 0 1 0 0 0 0 0 0 0 0
00018998_002.png 0 0 0 0 0 0 0 0 0 0 0 0 0 0
00011293_007.png 0 0 0 0 0 0 0 0 0 0 0 0 0 0
00007185_021.png 0 0 0 0 0 0 0 0 0 0 0 0 0 0
00014768_004.png 0 0 0 0 0 0 0 0 0 0 0 0 0 0
00029120_000.png 0 0 0 1 0 0 0 0 0 0 0 0 0 0
00014106_010.png 0 0 0 0 0 0 0 0 0 0 0 0 0 0
00008582_000.png 0 0 0 0 0 0 0 0 0 0 0 0 0 0
00007169_002.png 0 0 0 0 0 0 0 0 0 0 0 0 0 0
00023128_020.png 1 0 0 0 0 0 0 0 0 0 0 0 0 0
00025013_000.png 0 0 0 0 0 0 0 0 0 0 0 0 0 0
00021333_000.png 0 0 0 0 0 0 0 0 0 0 0 0 0 0
00023154_003.png 0 0 0 0 0 0 0 0 0 0 0 0 0 0
00013917_045.png 0 0 0 1 0 0 0 0 0 0 0 0 0 0
00023077_000.png 0 0 0 0 0 0 0 0 0 0 0 0 0 0
00001121_001.png 0 0 0 0 0 0 0 0 0 0 0 0 0 0
00004097_000.png 0 0 0 0 0 0 0 0 0 0 0 0 0 0
00017915_010.png 0 0 0 0 0 0 0 0 0 0 0 0 0 0
00023762_000.png 0 0 0 0 0 0 0 0 0 0 0 0 0 0
00020850_000.png 0 0 0 0 0 0 0 0 0 0 0 0 0 0
00010900_001.png 0 0 0 0 0 0 0 0 0 0 0 0 0 0
00009877_004.png 0 0 0 0 0 0 0 0 0 0 0 0 0 0
00029692_001.png 0 0 0 0 0 0 0 0 0 0 0 0 0 0
00016051_001.png 1 0 0 0 1 0 0 0 0 0 0 0 0 0
00002271_006.png 0 0 0 1 0 0 0 0 0 0 0 0 0 0
00002356_003.png 0 0 0 0 0 0 0 0 0 0 0 0 0 0
00012687_006.png 0 0 0 0 0 0 0 1 0 0 0 0 0 0
00022887_000.png 0 0 0 0 0 0 0 0 0 0 0 0 1 0
00021547_012.png 0 0 0 0 0 0 0 0 0 0 0 0 0 0
00012891_009.png 0 0 0 0 0 1 0 0 0 0 0 0 0 0
00026176_000.png 0 0 0 0 0 0 0 0 0 0 0 0 0 0
00000416_000.png 0 0 0 0 0 0 0 0 0 0 0 0 0 0
00005051_004.png 0 0 0 0 0 0 0 0 0 0 0 0 0 0
00019584_000.png 0 0 0 0 0 0 0 0 0 0 0 0 0 0
00006142_007.png 0 0 0 0 0 0 0 0 0 0 0 0 0 0
00016678_003.png 0 0 0 0 0 0 0 0 0 0 0 0 0 0
00018314_000.png 0 0 0 0 0 0 0 0 0 0 0 0 0 0
00016691_003.png 0 0 0 0 0 0 0 0 0 0 0 0 0 0
00002111_010.png 0 0 0 0 0 0 0 0 0 0 0 0 0 0
00018186_005.png 0 0 0 0 0 0 0 0 0 0 0 0 0 0
00002371_010.png 0 0 0 0 0 0 0 0 0 0 0 0 0 0
00028387_000.png 0 0 0 0 1 1 0 0 0 0 0 0 0 0
00027686_000.png 0 0 0 0 0 0 0 0 0 0 0 0 0 0
00008807_002.png 0 0 0 0 1 1 0 0 0 0 0 0 0 0
00016497_001.png 0 0 0 0 0 0 0 0 0 0 0 0 0 0
00013003_015.png 0 0 1 1 0 0 0 0 0 0 0 0 0 0
00003408_000.png 0 0 0 0 0 0 0 0 0 0 0 0 0 0
00017634_000.png 0 0 0 0 0 0 0 0 0 0 0 0 0 0
00023630_000.png 0 0 0 0 0 0 0 0 0 0 0 0 0 0
00020501_005.png 1 0 1 1 0 0 0 0 0 0 0 0 0 0
00026963_021.png 0 0 0 1 0 0 0 0 0 0 0 0 0 0
00012629_000.png 0 0 0 0 0 0 0 0 0 0 0 0 0 0
00005566_003.png 0 0 0 0 0 0 0 0 0 0 1 0 0 0
00005939_001.png 0 0 0 0 0 0 0 0 0 0 0 0 0 0
00004519_014.png 0 0 0 0 1 0 0 0 0 0 0 0 0 0
00017939_000.png 1 1 0 0 0 0 0 0 0 0 0 0 0 0
00016991_001.png 0 0 0 0 0 1 0 0 0 0 0 0 0 0
00015360_004.png 0 0 0 0 0 0 0 0 0 0 0 0 0 0
00027431_000.png 0 0 0 1 0 0 0 0 0 0 0 0 0 0
00016671_005.png 0 0 0 0 0 1 0 0 0 0 0 0 0 0
00006583_004.png 0 0 0 0 0 0 0 0 0 0 0 0 0 0
00009022_001.png 0 0 0 0 1 0 0 0 0 0 0 0 0 0
00024250_003.png 0 0 0 0 0 0 0 0 0 0 0 0 0 0
00018224_016.png 0 0 0 0 0 0 0 0 0 0 0 0 0 0
00023231_000.png 0 0 0 0 1 0 0 0 0 0 0 0 0 0
00002111_018.png 1 0 1 0 1 0 0 0 0 0 0 0 0 0
00001847_001.png 0 0 0 0 0 0 0 0 0 0 0 0 0 0
00006260_007.png 0 0 1 0 0 0 0 0 0 0 0 0 0 0
00015041_000.png 0 0 0 0 0 0 0 0 0 0 0 0 0 0
00021695_000.png 0 0 1 0 0 0 0 0 0 0 0 0 0 0
00025279_000.png 0 0 0 0 0 0 0 0 0 0 0 0 0 0
00020832_006.png 0 0 0 1 0 0 0 0 0 0 0 0 0 0
00006759_003.png 0 0 0 0 0 0 0 0 0 0 0 0 0 0
00025081_021.png 1 0 1 0 0 0 0 1 0 0 0 0 0 0
00006362_000.png 0 0 0 0 0 0 0 0 0 0 0 0 0 0
00014790_010.png 0 0 0 0 0 0 0 0 0 0 0 0 0 0
00014355_009.png 0 0 1 0 0 0 0 0 0 0 0 0 0 0
00017906_016.png 0 0 0 0 0 0 0 0 0 0 0 0 0 0
00013557_005.png 0 0 0 1 0 0 0 0 0 0 0 0 0 0
00015213_000.png 0 0 0 0 0 0 0 0 0 0 0 0 0 0
00024014_000.png 0 0 0 0 0 0 0 0 0 0 0 0 0 0
00024317_002.png 0 0 0 0 0 0 0 0 0 0 0 0 0 0
